Kat. ceste;Štev. ceste;ODSEK;OPIS;PLDP;Motorji;Osebna vozila;Avtobusi;Lahka tov. < 3t;Sr. tov.  3-7t;Tež. tov. nad 7t;Tov. s prik.;STAC_ZAC;STAC_KON;PLDP_D;PLDP_T;MO_D;MO_T;OA_D;OA_T;BUS_D;BUS_T;LT_D;LT_T;ST_D;ST_T;TT_D;TT_T;TP_D;TP_T;TR;KO
AC;A2;0001;M.P.KARAVANKE-HRUŠICA;4735;23;3923;51;211;150;149;228;0;5360;1405;3330;1;22;839;3084;20;31;152;59;126;24;105;44;162;66;0;0
AC;A2;0002;HRUŠICA-LIPCE;13000;93;11398;92;516;331;281;289;0;7168;8881;4119;20;73;7657;3741;39;53;428;88;308;23;226;55;203;86;0;0
AC;A2;0003;LIPCE-LESCE;13273;94;11855;94;310;339;287;294;0;6360;9069;4204;20;74;8006;3849;40;54;250;60;315;24;231;56;207;87;0;0
AC;A2;0007;KRANJ Z-KRANJ V;16200;56;15119;118;255;207;137;308;0;5704;12845;3355;27;29;12083;3036;91;27;167;88;193;14;81;56;203;105;0;0
AC;A2;0008;KRANJ V - BRNIK;17000;46;15880;114;485;153;49;273;0;3887;13312;3688;18;28;12487;3393;63;51;413;72;139;14;41;8;151;122;0;0
AC;A2;0009;BRNIK - VODICE;16624;45;15835;112;168;149;48;267;0;5250;13017;3607;17;28;12517;3318;62;50;97;71;136;13;40;8;148;119;0;0
AC;A2;0010;VODICE -LJ( ŠMARTNO);24200;65;22606;163;691;217;70;388;0;6968;18949;5251;25;40;17775;4831;90;73;588;103;198;19;58;12;215;173;0;0
AC;A2;0011;LJ(ŠMARTNO -  BROD);25688;58;23591;205;887;365;136;446;0;2375;22036;3652;40;18;20239;3352;143;62;814;73;350;15;128;8;322;124;0;0
AC;A2;0012;LJ(BROD-ŠENTVID);22800;51;20939;182;787;324;121;396;0;915;20498;2302;35;16;18851;2088;127;55;740;47;319;5;113;8;313;83;0;0
AC;A2;0014;LJ(KOSEZE - BRDO);66338;123;57994;472;3163;1807;743;2036;0;1850;62389;3949;102;21;54731;3263;421;51;3052;111;1768;39;706;37;1609;427;0;0
AC;A2;0015;LJ(BRDO - KOZARJE);64000;119;55948;455;3052;1744;717;1965;0;2400;60189;3811;99;20;52800;3148;406;49;2944;108;1706;38;681;36;1553;412;0;0
AC;A2;0020;MALENCE - ŠMARJE-SAP;28097;32;25477;183;781;464;223;937;0;6298;26092;2005;27;5;23868;1609;156;27;739;42;451;13;212;11;639;298;0;0
AC;A2;0021;ŠMARJE SAP-GROSUPLJE;29000;34;25635;204;1246;685;229;967;0;3869;27033;1967;28;6;23974;1661;176;28;1202;44;672;13;218;11;763;204;0;0
AC;A2;0022;GROSUPLJE-VIŠNJA GORA;22400;26;19801;158;962;529;178;746;0;7900;20881;1519;22;4;18518;1283;136;22;928;34;519;10;169;9;589;157;0;0
AC;A1;0030;M.P.ŠENTILJ-ŠENTILJ;8370;33;8231;52;54;0;0;0;0;1230;1556;6814;5;28;1494;6737;9;43;48;6;0;0;0;0;0;0;0;0
AC;A1;0031;ŠENTILJ - PESNICA;9707;38;8739;86;320;93;17;414;0;9960;3304;6403;9;29;2923;5816;14;72;136;184;45;48;12;5;165;249;0;0
HC;H2;0032;PESNICA-MARIBOR;21500;59;18714;152;650;463;160;1302;0;4630;14593;6907;51;8;12608;6106;100;52;591;59;422;41;138;22;683;619;0;0
HC;H2;0033;MARIBOR-TEZNO;29200;96;26353;179;682;508;158;1224;0;2665;23755;5445;84;12;21697;4656;109;70;620;62;469;39;133;25;643;581;0;0
AC;A1;0034;SLIVNICA;22000;31;18700;126;921;913;271;1038;0;1700;20599;1401;30;1;17645;1055;115;11;908;13;900;13;260;11;741;297;0;0
AC;A1;0035;SLIVNICA-FRAM;19699;27;17061;112;620;614;241;1024;0;1910;18349;1350;26;1;16120;941;102;10;608;12;602;12;231;10;660;364;0;0
AC;A1;0036;FRAM-SL.BISTRICA;17500;25;14873;101;733;727;215;826;0;9740;16384;1116;24;1;14034;839;92;9;722;11;716;11;206;9;590;236;0;0
AC;A1;0037;SL.BISTRICA-SL.KONJICE;13228;14;10936;83;462;525;145;1063;0;9110;11671;1557;9;5;9894;1042;72;11;435;27;502;23;137;8;622;441;0;0
AC;A1;0038;SL.KONJICE-DRAMLJE;14805;15;11889;94;741;714;162;1190;0;10880;13062;1743;10;5;10723;1166;81;13;711;30;688;26;153;9;696;494;0;0
AC;A1;0039;DRAMLJE-CELJE;16000;16;12851;101;800;771;175;1286;0;8440;14117;1883;10;6;11591;1260;87;14;768;32;743;28;166;9;752;534;0;0
AC;A1;0040;CELJE-ARJA VAS;20030;30;16416;25;951;1026;246;1336;0;7508;18591;1439;28;2;15441;975;10;15;941;10;1012;14;236;10;923;413;0;1
AC;A1;0041;ARJA VAS-ŠENTRUPERT;18566;33;15187;88;780;907;221;1350;0;9646;17403;1163;26;7;14398;789;80;8;769;11;891;16;216;5;1023;327;0;0
AC;A1;0042;ŠENTRUPERT-VRANSKO;14031;21;11391;94;512;550;119;1344;0;7889;12354;1677;17;4;10387;1004;69;25;487;25;522;28;114;5;758;586;0;0
AC;A1;0043;VRANSKO-LOČICA;17000;25;13681;114;741;666;144;1629;0;2510;14968;2032;20;5;12464;1217;84;30;711;30;632;34;138;6;919;710;0;0
AC;A1;0051;LJ(KOZARJE)-BREZOVICA;38000;71;33221;270;1812;1035;425;1166;0;2300;35739;2261;59;12;31352;1869;241;29;1748;64;1013;22;404;21;922;244;0;0
AC;A1;0052;BREZOVICA-VRHNIKA;28966;92;25499;290;589;587;221;1688;0;12405;22103;6863;46;46;19710;5789;180;110;565;24;543;44;186;35;873;815;0;0
AC;A1;0053;VRHNIKA-LOGATEC;26107;82;22532;261;981;530;200;1521;0;8285;19923;6184;41;41;17404;5128;162;99;870;111;491;39;168;32;787;734;0;0
AC;A1;0054;LOGATEC-UNEC;24144;76;20837;242;908;490;184;1407;0;10420;18425;5719;38;38;16095;4742;150;92;805;103;454;36;155;29;728;679;0;0
AC;A1;0055;UNEC-POSTOJNA;22258;56;18302;198;904;518;291;1989;0;11380;16666;5592;26;30;13933;4369;112;86;794;110;478;40;210;81;1113;876;0;0
AC;A1;0056;POSTOJNA-RAZDRTO;17550;43;14886;156;388;408;200;1469;0;11140;13142;4408;20;23;11351;3535;88;68;362;26;377;31;166;34;778;691;0;0
AC;A1;0057;RAZDRTO - SENOŽEČE;14851;45;12786;130;399;326;228;937;0;5450;11641;3210;16;29;10018;2768;93;37;383;16;301;25;202;26;628;309;0;0
AC;A1;0058;SENOŽEČE -  GABRK;12500;38;10678;118;361;274;242;789;0;4385;9798;2702;14;24;8432;2246;78;40;322;39;253;21;170;72;529;260;0;0
AC;A1;0059; GABRK - DIVAČA;12510;63;10804;120;396;329;153;645;0;2790;10349;2161;27;36;8968;1836;89;31;358;38;318;11;120;33;469;176;0;1
AC;A1;0060;DIVAČA-KOZINA;12500;63;10825;79;406;329;153;645;0;6300;10341;2159;27;36;8991;1834;58;21;358;48;318;11;120;33;469;176;0;1
AC;A3;0068;DIVAČA-SEŽANA V;5415;5;4614;56;154;91;135;360;0;7050;4168;1247;3;2;3656;958;41;15;124;30;80;11;109;26;155;205;0;0
AC;A3;0069;SEŽANA V - SEŽANA Z;5000;24;4731;68;177;0;0;0;0;2880;2173;2827;6;18;1992;2739;26;42;149;28;0;0;0;0;0;0;18;0
AC;A3;0070;SEŽANA Z - FERNETIČI;7060;33;6662;93;272;0;0;0;0;1570;2989;4071;8;25;2717;3945;35;58;229;43;0;0;0;0;0;0;25;0
HC;H3;0085;ZADOBROVA -  LJ( ŠMARTINSKA);16000;100;14639;362;629;205;44;21;0;1455;15835;165;96;4;14480;159;361;1;628;1;205;0;44;0;21;0;404;32
HC;H3;0086;LJ(ŠMARTINSKA - (TOMAČEVO);26000;30;22933;31;1280;793;299;634;0;2086;25532;468;28;2;22649;284;29;2;1261;19;777;16;291;8;497;137;0;1
G1;10;0087;LJ(ČRNUČE - BRNČIČEVA);34000;81;29542;187;1532;1008;327;1323;0;1000;31972;2028;64;17;28201;1341;164;23;1472;60;977;31;295;32;799;524;0;6
G1;10;0087;LJ(BRNČIČEVA - TOMAČEVO);36000;85;31283;197;1621;1067;346;1401;1000;2970;33853;2147;67;18;29863;1420;173;24;1558;63;1034;33;312;34;846;555;0;6
HC;H3;0088;LJ(TOMAČEVO - DUNAJSKA);60000;288;50340;154;4179;2330;463;2246;0;1140;56779;3221;257;31;48299;2041;122;32;4093;86;2267;63;448;15;1293;953;0;0
HC;H3;0089;LJ(DUNAJSKA - CELOVŠKA);55749;268;46773;144;3883;2165;430;2086;0;2650;52756;2993;239;29;44877;1896;114;30;3803;80;2106;59;416;14;1201;885;0;0
HC;H3;0090;LJ(CELOVŠKA - KOSEZE);65000;121;56825;462;3099;1770;728;1995;0;1880;61131;3869;100;21;53628;3197;412;50;2990;109;1732;38;692;36;1577;418;0;0
AC;A1;0136;PRIKLJ. SL. KONJICE;1390;16;1177;4;68;63;22;40;0;150;1345;45;16;0;1140;37;3;1;67;1;63;0;22;0;34;6;0;0
AC;A1;0136;PRIKLJ. SL. KONJICE;1697;3;1503;3;86;60;12;30;150;1670;1671;26;3;0;1479;24;3;0;85;1;60;0;12;0;29;1;0;0
R1;201;0201;M.P.KORENSKO SEDLO-PODKOREN;2722;21;2685;4;11;1;0;0;0;3650;375;2347;1;20;367;2318;1;3;5;6;1;0;0;0;0;0;12;0
R1;201;0202;PODKOREN-KR.GORA;5600;42;5524;7;24;3;0;0;0;2550;772;4828;1;41;756;4768;1;6;11;13;3;0;0;0;0;0;25;0
R1;201;0203;KR.GORA-MOJSTRANA-DOVJE;5700;36;5326;114;110;88;13;13;0;12100;4655;1045;5;31;4325;1001;106;8;107;3;87;1;12;1;13;0;44;12
R1;201;0204;DOVJE-MOJSTRANA-KRAJE;5800;36;5420;116;112;90;13;13;0;2420;4738;1062;5;31;4402;1018;108;8;109;3;89;1;12;1;13;0;44;12
R1;201;0205;KRAJE-HRUŠICA;5800;36;5420;116;112;90;13;13;0;4030;4738;1062;5;31;4402;1018;108;8;109;3;89;1;12;1;13;0;44;12
R3;637;0206;JAVORNIK-ŽIROVNICA;9000;83;8036;232;241;252;42;114;0;5050;7938;1062;37;46;7040;996;230;2;234;7;252;0;42;0;103;11;26;0
G1;8;0207;VRBA-LESCE;17500;125;15344;123;694;447;379;388;0;1470;11956;5544;27;98;10308;5036;52;71;576;118;415;32;305;74;273;115;0;0
G1;8;0208;LESCE-ČRNIVEC;21859;96;19674;288;710;501;234;356;0;6400;18031;3828;42;54;16144;3530;253;35;647;63;478;23;189;45;278;78;5;0
HC;H1;0209;PODTABOR-KRANJ Z;24755;97;22825;313;418;528;229;345;0;7300;20751;4004;37;60;19187;3638;274;39;332;86;502;26;173;56;246;99;0;0
R2;412;0210;KR(ISKRA)-LABORE;22200;129;20066;576;620;579;99;131;0;1450;22017;183;114;15;19904;162;575;1;619;1;579;0;98;1;128;3;115;3
R1;211;0211;KR(LABORE)-JEPRCA;10524;82;9483;250;221;286;88;114;0;8150;10351;173;62;20;9340;143;249;1;220;1;285;1;85;3;110;4;8;0
R1;211;0212;JEPRCA-MEDVODE;17191;159;15279;275;660;496;61;261;0;3650;17015;176;154;5;15120;159;275;0;659;1;496;0;61;0;250;11;2;16
R1;211;0212;MEDVODE-LJ(METALKA);23260;43;20341;476;1040;536;436;388;3650;8000;22781;479;39;4;19932;409;475;1;1027;13;530;6;430;6;348;40;18;8
R1;211;0212;LJ(METALKA - ŠENTVID);26000;47;22738;532;1163;599;488;433;8000;8675;25464;536;43;4;22280;458;531;1;1148;15;592;7;481;7;389;44;20;9
G1;8;0213;LJ(ŠENTVID - OBVOZNICA);60000;192;56190;852;1061;836;461;408;0;2900;57519;2481;192;0;53797;2393;845;7;1045;16;825;11;427;34;388;20;0;0
G2;106;0215;LJ(RUDNIK)-ŠKOFLJICA;13513;50;12087;171;556;306;180;163;0;4555;13350;163;48;2;11948;139;170;1;551;5;301;5;178;2;154;9;7;85
G2;106;0216;ŠKOFLJICA-ŠMARJE SAP;4000;15;3576;50;165;91;54;49;0;3000;3950;50;14;1;3535;41;50;0;163;2;89;2;53;1;46;3;2;25
HC;H1;0218;VIŠNJA G.-IVANČNA GOR.;22033;31;20062;153;562;437;98;690;0;5170;18499;3534;27;4;16924;3138;123;30;521;41;421;16;88;10;395;295;0;0
HC;H1;0219;IVANČNA GORICA-BIČ;14300;28;12306;155;673;447;96;595;0;6915;10895;3405;24;4;9421;2885;118;37;558;115;385;62;82;14;307;288;0;0
HC;H1;0220;BIČ-TREBNJE;14400;28;12615;157;507;401;93;599;0;10465;10971;3429;24;4;9586;3029;119;38;462;45;388;13;83;10;309;290;0;0
HC;H1;0221;TREBNJE-KARTELJEVO;13971;53;12203;121;547;379;109;559;0;14730;10573;3398;53;0;9166;3037;96;25;494;53;369;10;99;10;296;263;3;0
HC;H1;0222;KARTELJEVO-MAČKOVEC;6350;24;5418;69;322;209;54;254;0;4025;4804;1546;24;0;4092;1326;53;16;270;52;186;23;45;9;134;120;1;0
HC;H1;0223;MAČKOVEC-OTOČEC;11400;43;9727;123;578;376;97;456;0;4200;8626;2774;43;0;7347;2380;94;29;485;93;335;41;81;16;241;215;3;0
HC;H1;0224;OTOČEC-DOBRUŠKA VAS;11189;26;9713;123;291;330;162;544;0;8025;8063;3126;22;4;6960;2753;97;26;241;50;314;16;150;12;279;265;0;6
HC;H1;0225;DOBRUŠKA VAS-SMEDNIK;11000;26;8908;121;728;426;158;633;0;6165;7928;3072;22;4;6280;2628;86;35;630;98;391;35;147;11;372;261;0;6
HC;H1;0226;SMEDNIK-DRNOVO;11000;26;8908;121;728;426;158;633;0;7475;7928;3072;22;4;6280;2628;86;35;630;98;391;35;147;11;372;261;0;6
HC;H1;0227;DRNOVO-ČATEŽ;7700;18;6599;74;296;171;77;465;0;11440;4541;3159;14;4;3774;2825;42;32;242;54;160;11;67;10;242;223;2;0
HC;H1;0228;ČATEŽ-MOKRICE;5800;13;4918;56;260;145;58;350;0;6955;3420;2380;10;3;2843;2075;32;24;182;78;121;24;50;8;182;168;2;0
HC;H1;0229;MOKRICE-OBREŽJE;5826;2;5144;88;124;95;30;343;0;2020;1446;4380;1;1;1167;3977;28;60;52;72;57;38;17;13;124;219;4;0
G2;101;0230;ZVIRČE-PODTABOR;8200;36;7724;25;232;134;18;31;0;2700;6559;1641;16;20;6138;1586;18;7;208;24;132;2;18;0;29;2;2;0
G2;101;0231;BISTRICA(TRŽIČ)-ZVIRČE;7700;34;7252;24;218;126;17;29;0;3280;6157;1543;15;19;5762;1490;17;7;195;23;124;2;17;0;27;2;2;0
G2;101;0232;M.P.LJUBELJ-BISTRICA;2423;60;2272;44;34;13;0;0;0;12500;1071;1352;13;47;982;1290;43;1;26;8;7;6;0;0;0;0;0;5
R1;202;0233;RATEČE-PODKOREN;2800;16;2758;12;12;1;0;1;0;3050;631;2169;0;16;619;2139;4;8;7;5;0;1;0;0;1;0;16;0
R1;202;0234;M.P.RATEČE-RATEČE;2802;16;2760;12;12;1;0;1;0;1380;631;2171;0;16;619;2141;4;8;7;5;0;1;0;0;1;0;16;0
G1;11;0235;M.P.ŠKOFIJE-ŠKOFIJE;10360;129;9850;99;89;33;37;123;0;1000;3378;6982;39;90;3168;6682;61;38;32;57;20;13;11;26;47;76;70;0
G1;11;0235;ŠKOFIJE-DEKANI;11500;144;10883;84;132;57;42;158;1000;3545;3751;7749;44;100;3477;7406;53;31;69;63;32;25;13;29;63;95;78;0
AC;A1;0236;DEKANI-BERTOKI;36000;319;33440;229;991;477;179;365;0;2180;28760;7240;222;97;26623;6817;183;46;843;148;458;19;167;12;264;101;0;0
AC;A1;0237;BERTOKI-ŠKOCJAN;36800;326;34375;234;463;407;323;672;0;2500;29401;7399;227;99;27517;6858;187;47;362;101;368;39;271;52;469;203;0;0
G2;111;0238;KOPER-RUDA(IZOLA);25976;140;24752;267;288;287;119;123;0;5435;20732;5244;67;73;19740;5012;197;70;237;51;281;6;117;2;93;30;289;0
G2;111;0239;VALETA-SEČOVLJE;7500;88;7248;52;49;37;14;12;0;7000;4451;3049;23;65;4323;2925;24;28;33;16;33;4;11;3;4;8;7;107
G2;111;0239; SEČOVLJE-MP SEČOVLJE;5095;55;4948;40;21;13;6;12;7000;7280;2102;2993;18;37;2049;2899;12;28;6;15;10;3;3;3;4;8;41;0
G1;1;0240;M.P.VIČ-DRAVOGRAD;2061;11;1972;11;14;33;0;20;0;3590;459;1602;1;10;415;1557;6;5;11;3;17;16;0;0;9;11;1;8
G1;1;0241;DRAVOGRAD-RADLJE;7232;34;6496;119;195;246;73;69;0;16480;6965;267;34;0;6259;237;119;0;193;2;244;2;67;6;49;20;5;25
G1;1;0242;RADLJE;7520;34;6557;120;398;248;114;49;0;2350;7352;168;34;0;6399;158;120;0;396;2;246;2;108;6;49;0;5;25
G1;1;0243;RADLJE-BREZNO;4080;21;3651;51;83;165;24;85;0;9000;3759;321;12;9;3372;279;47;4;80;3;160;5;22;2;66;19;58;0
G1;1;0244;BREZNO-RUTA;4240;22;3705;83;141;175;25;89;0;9500;3907;333;13;9;3418;287;79;4;135;6;170;5;23;2;69;20;60;0
G1;1;0245;RUTA-SELNICA;6300;39;5838;71;174;98;18;62;0;10500;6115;185;36;3;5684;154;68;3;170;4;94;4;16;2;47;15;160;36
G1;1;0245;SELNICA-MB(OTOK);8200;51;7700;93;126;127;23;80;10500;20120;7961;239;47;4;7500;200;89;4;121;5;122;5;21;2;61;19;208;47
G1;1;0245;MB(OTOK)-MB(KOROŠKI MOST);11300;71;10470;128;312;176;32;111;20120;20900;10969;331;65;6;10195;275;122;6;305;7;169;7;29;3;84;27;287;65
G1;1;0246;MB(TITOVA)-HAJDINA;13390;14;12148;186;348;298;64;332;0;20780;8505;4885;13;1;7635;4513;148;38;267;81;243;55;50;14;149;183;32;14
G1;2;0247;HAJDINA-PTUJ;21000;22;18469;292;814;467;101;835;0;2070;13338;7662;21;1;11660;6809;232;60;576;238;381;86;78;23;390;445;50;23
G1;2;0248;PTUJ;28000;30;24625;389;1085;623;134;1114;0;1025;17783;10217;28;2;15546;9079;309;80;767;318;508;115;104;30;521;593;66;30
G1;2;0249;PTUJ-SPUHLJA;14000;15;12313;195;543;311;67;556;0;3020;8893;5107;14;1;7774;4539;155;40;384;159;254;57;52;15;260;296;33;15
G1;2;0250;SPUHLJA-ORMOŽ;5551;11;4849;49;79;129;64;370;0;19350;4525;1026;5;6;4047;802;47;2;75;4;101;28;49;15;201;169;100;32
G1;2;0251;ORMOŽ-M.P.ORMOŽ;1176;0;1162;0;10;4;0;0;0;760;343;833;0;0;335;827;0;0;6;4;2;2;0;0;0;0;47;6
G2;105;0252;KARTELJEVO-NM(BRŠLJIN);6249;34;5506;56;395;123;48;87;0;4190;6140;109;30;4;5421;85;55;1;393;2;122;1;47;1;72;15;31;52
G2;105;0253;NOVO MESTO (BRŠLJIN - KRKA);16000;87;14098;144;1011;315;123;222;0;2885;15720;280;77;10;13880;218;141;3;1006;5;312;3;120;3;184;38;79;133
G2;105;0255;NOVO MESTO(KRKA - IMV);13000;70;11455;116;822;256;100;181;0;1805;12774;226;62;8;11278;177;114;2;818;4;254;2;98;2;150;31;64;108
G2;105;0256;NOVO MESTO(IMV) - METLIKA;3227;1;2896;25;159;53;27;66;0;26555;3025;202;1;0;2722;174;23;2;153;6;43;10;27;0;56;10;12;12
G2;105;0258;METLIKA-M.P.METLIKA;2688;0;2603;7;21;24;11;22;0;1480;1081;1607;0;0;1027;1576;1;6;15;6;15;9;10;1;13;9;5;15
G2;105;0259;MAČKOVEC-NM(KRKA);17011;91;14770;200;790;417;274;469;0;1710;16127;884;78;13;14056;714;199;1;764;26;411;6;273;1;346;123;26;123
G2;106;0260;ŠKOFLJICA;7600;75;6459;72;471;357;51;115;0;520;7519;81;75;0;6379;80;72;0;471;0;357;0;51;0;114;1;30;47
G2;106;0261;ŠKOFLJICA-RAŠICA;7621;75;6478;72;472;358;51;115;0;16450;7540;81;75;0;6398;80;72;0;472;0;358;0;51;0;114;1;30;47
G2;106;0262;RAŠICA-ŽLEBIČ;5392;25;4839;91;192;149;26;70;0;12550;5301;91;25;0;4749;90;91;0;192;0;149;0;26;0;69;1;19;31
G2;106;0263;ŽLEBIČ-DOLENJA VAS;4830;22;4332;82;172;133;23;66;0;9490;4748;82;22;0;4254;78;82;0;172;0;133;0;23;0;62;4;17;28
G2;106;0263;DOLENJA VAS-KOČEVJE;4951;2;4384;105;100;158;140;62;9490;19050;4792;159;2;0;4235;149;103;2;98;2;154;4;140;0;60;2;0;55
G2;106;0264;KOČEVJE-LIVOLD;2570;21;2378;45;50;18;18;40;0;5900;2480;90;21;0;2291;87;45;0;47;3;18;0;18;0;40;0;6;6
G2;106;0265;LIVOLD-ŠTALCERJI;1915;16;1771;33;37;14;14;30;0;6200;1849;66;16;0;1707;64;33;0;35;2;14;0;14;0;30;0;4;4
G2;106;0265;ŠTALCERJI-FARA;620;3;596;11;10;0;0;0;6200;21580;486;134;3;0;462;134;11;0;10;0;0;0;0;0;0;0;25;3
G2;106;0266;FARA-M.P. PETRINA;601;3;585;10;3;0;0;0;0;2560;471;130;3;0;455;130;10;0;3;0;0;0;0;0;0;0;24;3
R2;437;0267;M.P.ŠENTILJ-ŠENTILJ;6329;16;5151;10;214;214;65;659;0;1620;2874;3455;2;14;2229;2922;7;3;163;51;178;36;42;23;253;406;2;16
R2;437;0268;ŠENTILJ-PESNICA;6200;43;5437;65;407;203;30;15;0;10620;5113;1087;28;15;4437;1000;60;5;350;57;198;5;30;0;10;5;6;22
G1;13;0273;MB(PTUJSKA)-HOČE;27000;37;22941;329;1068;962;362;1301;0;4590;24763;2237;11;26;21351;1590;313;16;1010;58;937;25;354;8;787;514;0;0
R2;430;0274;HOČE-SL.BISTRICA;3000;16;2683;50;135;83;18;15;0;13060;2930;70;15;1;2619;64;50;0;134;1;80;3;18;0;14;1;8;24
R2;430;0275;SL.BISTRICA;5500;29;4914;93;249;153;34;28;0;2500;5369;131;27;2;4797;117;92;1;246;3;148;5;33;1;26;2;15;44
R2;430;0276; SL.BISTRICA-LOŽNICA;2000;6;1740;50;115;63;12;14;0;1690;1933;67;6;0;1679;61;50;0;113;2;62;1;12;0;11;3;14;8
R2;430;0277;LOŽNICA-TEPANJE;3600;10;3131;91;207;113;22;26;0;7820;3481;119;10;0;3022;109;91;0;204;3;112;1;22;0;20;6;26;14
R2;430;0278;TEPANJE-SL.KONJICE;2500;7;2174;63;144;79;15;18;0;3100;2417;83;7;0;2098;76;63;0;142;2;78;1;15;0;14;4;18;10
R2;430;0279;SL.KONJICE;8300;33;7196;217;383;330;90;51;0;815;8185;115;33;0;7094;102;217;0;377;6;329;1;90;0;45;6;163;35
R2;430;0280;SL.KONJICE-STRANICE;5000;20;4334;131;231;199;54;31;0;5160;4930;70;20;0;4273;61;131;0;227;4;198;1;54;0;27;4;98;21
R2;430;0281;STRANICE-VIŠNJA VAS;5700;23;4941;149;263;227;62;35;0;10200;5621;79;23;0;4871;70;149;0;259;4;226;1;62;0;31;4;112;24
R2;430;0282;VIŠNJA VAS-CELJE(AC);10120;30;9149;183;440;231;29;58;0;6100;10054;66;29;1;9087;62;183;0;439;1;231;0;29;0;56;2;12;69
R2;430;0282;CELJE(AC)-CELJE;30000;89;27122;542;1304;685;86;172;6100;8165;29804;196;86;3;26938;184;542;0;1301;3;685;0;86;0;166;6;36;205
G1;5;0286;ARJA VAS- CELJE;15568;56;13949;221;682;446;87;127;0;6560;15440;128;53;3;13836;113;221;0;680;2;446;0;87;0;117;10;0;105
R2;447;0287;ARJA VAS-ŽALEC;8000;29;7168;114;350;229;45;65;0;1550;7934;66;27;2;7110;58;114;0;349;1;229;0;45;0;60;5;0;54
R2;447;0288;ŠEMPETER-LATKOVA VAS;7000;38;6326;92;282;187;35;40;0;591;6939;61;37;1;6270;56;92;0;281;1;186;1;35;0;38;2;1;20
R2;447;0289;LATKOVA VAS-ŠENTRUPERT;6000;33;5421;79;242;160;30;35;0;1420;5947;53;32;1;5373;48;79;0;241;1;159;1;30;0;33;2;0;17
R2;447;0290;ŠENTRUPERT-LOČICA;5548;26;4247;95;379;468;99;234;0;11400;5478;70;24;2;4201;46;94;1;379;0;466;2;95;4;219;15;30;14
G1;10;0291;LOČICA-TROJANE;16200;111;13098;276;507;577;134;1497;0;7510;13661;2539;71;40;11389;1709;241;35;455;52;548;29;113;21;844;653;7;9
G1;10;0292;TROJANE-ŽELODNIK;16100;44;12942;234;513;604;199;1564;0;20610;13740;2360;31;13;11469;1473;207;27;464;49;573;31;178;21;818;746;3;4
G1;10;0293;ŽELODNIK-DOMŽALE;24034;49;20796;265;508;603;205;1608;0;4285;21657;2377;37;12;19315;1481;237;28;446;62;573;30;184;21;865;743;53;8
G1;10;0294;DOMŽALE-TRZIN;20000;40;16418;258;921;855;170;1338;0;2650;18022;1978;30;10;15185;1233;234;24;870;51;830;25;153;17;720;618;44;7
G1;10;0295;TRZIN-ČRNUČE;30387;151;25822;295;1357;939;408;1415;0;3710;28436;1951;141;10;24536;1286;273;22;1308;49;910;29;366;42;902;513;2;25
R2;409;0300;BREZOVICA-VRHNIKA;11218;47;9910;188;369;369;96;239;0;13275;11081;137;44;3;9797;113;187;1;367;2;368;1;96;0;222;17;14;62
R2;409;0301;VRHNIKA-LOGATEC;5200;22;4438;152;282;195;19;92;0;9525;5093;107;19;3;4344;94;150;2;281;1;194;1;19;0;86;6;34;7
R2;409;0302;LOGATEC;4200;17;3585;123;228;158;15;74;0;900;4113;87;15;2;3509;76;121;2;227;1;157;1;15;0;69;5;27;6
R2;409;0303;KALCE-PLANINA;1200;7;1023;22;66;46;8;28;0;8470;1164;36;5;2;992;31;22;0;65;1;46;0;8;0;26;2;25;5
R2;409;0304;PLANINA-RAVBARKOMANDA;1400;0;1259;5;55;50;16;15;0;7230;1369;31;0;0;1234;25;4;1;54;1;50;0;16;0;11;4;0;1
R2;409;0305;RAVBARKOMANDA-PO(R913);1550;0;1395;5;61;55;18;16;0;3000;1516;34;0;0;1367;28;4;1;60;1;55;0;18;0;12;4;0;1
R2;409;0305;PO(R913)-POSTOJNA;10000;0;8991;36;392;356;116;109;3000;4360;9776;224;0;0;8810;181;29;7;385;7;356;0;116;0;80;29;0;7
R2;409;0306;POSTOJNA-RAZDRTO;4050;28;3435;77;188;160;95;67;0;10980;3824;226;21;7;3232;203;71;6;183;5;157;3;95;0;65;2;14;21
R2;409;0307;RAZDRTO-SENOŽEČE;2000;38;1664;41;67;65;76;49;0;6530;1805;195;27;11;1487;177;39;2;64;3;64;1;76;0;48;1;8;11
R2;409;0308;SENOŽEČE-DIVAČA;1150;23;928;31;49;48;46;25;0;8140;1029;121;12;11;823;105;29;2;48;1;47;1;46;0;24;1;1;13
R2;409;0309;DIVAČA-MATAVUN;2000;40;1610;55;86;84;81;44;0;1940;1789;211;21;19;1428;182;51;4;84;2;82;2;81;0;42;2;2;23
R2;409;0310;MATAVUN-KOZINA;4131;50;3476;45;173;131;110;146;0;6600;3689;442;34;16;3133;343;40;5;157;16;128;3;86;24;111;35;2;13
G1;10;0311;KOZINA-KASTELEC;13466;125;11878;124;242;362;170;565;0;8890;11109;2357;78;47;9790;2088;100;24;209;33;346;16;147;23;439;126;0;7
G1;10;0312;KASTELEC-RIŽANA;13500;127;11716;111;445;363;171;567;0;6230;11136;2364;79;48;9621;2095;89;22;411;34;347;16;148;23;441;126;0;7
G1;10;0313;RIŽANA-DEKANI;19102;157;17102;138;348;385;333;639;0;5900;15435;3667;107;50;13769;3333;109;29;301;47;358;27;299;34;492;147;3;38
G1;3;0314;POČEHOVA-LENART;11715;36;9976;152;455;278;85;733;0;14380;10785;930;28;8;9506;470;142;10;424;31;268;10;70;15;347;386;14;19
G1;3;0315;LENART-GORNJA RADGONA;6747;23;5167;112;425;280;72;668;0;17785;5925;822;16;7;4720;447;107;5;407;18;270;10;59;13;346;322;20;30
G1;3;0316;GORNJA RADGONA;9600;26;8050;155;347;265;77;680;0;1750;8250;1350;23;3;7172;878;143;12;314;33;243;22;59;18;296;384;23;57
G1;3;0317;RADENCI-PETANJCI;9000;23;7550;145;325;248;72;637;0;2050;7735;1265;21;2;6726;824;134;11;294;31;228;20;55;17;277;360;21;54
G1;3;0318;PETANJCI-M.SOBOTA;8280;34;6946;126;258;257;88;571;0;9950;6954;1326;31;3;6042;904;118;8;235;23;243;14;69;19;216;355;24;112
G1;3;0319;M.SOBOTA-BRATONCI;10516;16;8842;169;329;286;128;746;0;5500;9308;1208;16;0;8175;667;159;10;294;35;266;20;108;20;290;456;39;92
G1;3;0320;BRATONCI-BELTINCI;8700;13;7352;133;354;226;89;533;0;2250;7901;799;13;0;6884;468;131;2;325;29;220;6;89;0;239;294;32;76
G1;3;0321;BELTINCI-ČRENŠOVCI;6000;25;4661;112;213;167;86;736;0;5800;4824;1176;22;3;4037;624;104;8;177;36;147;20;66;20;271;465;33;73
G1;3;0322;ČRENŠOVCI-LENDAVA;8000;26;6528;88;249;199;87;823;0;14170;6235;1765;23;3;5345;1183;79;9;208;41;182;17;68;19;330;493;46;272
G1;3;0323;LENDAVA;8300;25;7135;60;282;165;182;451;0;1700;2913;5387;11;14;2005;5130;34;26;219;63;148;17;165;17;331;120;37;157
G1;3;0324;LENDAVA-DOLGA VAS;4000;16;3025;4;78;45;42;790;0;2280;1491;2509;8;8;1151;1874;4;0;27;51;27;18;20;22;254;536;0;20
G1;3;0325;DOLGA VAS-DRŽAVNA MEJA;2691;10;1867;3;52;30;28;701;0;1870;1004;1687;5;5;706;1161;3;0;18;34;18;12;13;15;241;460;0;13
G2;110;0327;G.RADGONA-M.P.G.RADGONA;3279;3;3073;8;47;34;1;113;0;970;1437;1842;3;0;1348;1725;3;5;21;26;17;17;1;0;44;69;99;0
G1;5;0328;CELJE-CE(POLULE);16000;47;14095;115;566;625;170;382;0;2000;15698;302;46;1;13833;262;115;0;556;10;615;10;170;0;363;19;6;53
G1;5;0328;CE(POLULE)-ŠMARJETA;11600;34;10220;84;410;453;123;276;2000;17325;11382;218;33;1;10030;190;84;0;403;7;446;7;123;0;263;13;4;38
G1;5;0329;ŠMARJETA-RIMSKE TOPLICE;4900;9;4096;33;293;330;56;83;0;1050;4707;193;9;0;3930;166;33;0;286;7;323;7;56;0;70;13;75;1
G1;5;0330;RIM.TOPLICE-ZIDANI MOST;6000;11;5014;41;359;405;68;102;0;6750;5762;238;11;0;4810;204;41;0;350;9;396;9;68;0;86;16;92;1
G1;5;0331;ZIDANI MOST-RADEČE;5700;16;5071;51;239;222;20;81;0;2815;5507;193;16;0;4909;162;47;4;232;7;218;4;20;0;65;16;86;5
G1;5;0332;RADEČE-BOŠTANJ;5100;15;4535;46;214;199;18;73;0;11270;4926;174;15;0;4390;145;42;4;208;6;195;4;18;0;58;15;77;5
G1;5;0333;BOŠTANJ-SEVNICA;4230;9;3600;60;198;202;89;72;0;790;4038;192;9;0;3435;165;55;5;190;8;191;11;88;1;70;2;43;12
G1;5;0334;SEVNICA-IMPOLJCA;3822;8;3374;24;85;184;81;66;0;4490;3648;174;8;0;3224;150;20;4;78;7;174;10;80;1;64;2;39;11
G1;5;0335;IMPOLJCA-BRESTANICA;4140;9;3523;58;194;198;87;71;0;9790;3952;188;9;0;3361;162;54;4;186;8;187;11;86;1;69;2;42;12
G1;5;0336;KRŠKO-DRNOVO;7300;17;6299;44;365;261;142;172;0;4630;6975;325;17;0;6019;280;42;2;343;22;258;3;141;1;155;17;46;18
G1;5;0337;DRNOVO;7300;17;6299;44;365;261;142;172;0;540;6975;325;17;0;6019;280;42;2;343;22;258;3;141;1;155;17;46;18
G1;6;0338;POSTOJNA-PIVKA;9600;36;8661;96;311;210;68;218;0;10260;7515;2085;18;18;6730;1931;61;35;267;44;202;8;56;12;181;37;44;11
G1;6;0339;PIVKA-RIBNICA;4259;43;3856;54;79;82;48;97;0;9945;2241;2018;6;37;1992;1864;20;34;42;37;74;8;40;8;67;30;6;16
G1;6;0340;RIBNICA-PREM;4000;41;3467;51;121;89;46;185;0;4215;2103;1897;6;35;1716;1751;19;32;86;35;81;8;38;8;157;28;6;15
G1;6;0341;PREM-IL.BISTRICA;4000;41;3467;51;121;89;46;185;0;6210;2103;1897;6;35;1716;1751;19;32;86;35;81;8;38;8;157;28;6;15
G1;6;0342;IL.BISTRICA;5500;68;5003;68;121;64;32;144;0;1160;2436;3064;8;60;2132;2871;34;34;77;44;51;13;23;9;111;33;12;13
G1;6;0343;IL.BISTRICA-JELŠANE;5000;61;4549;62;110;58;29;131;0;8500;2215;2785;7;54;1939;2610;31;31;70;40;46;12;21;8;101;30;11;12
G1;6;0343;JELŠANE - MP JELŠANE;3870;34;3602;39;59;24;14;98;8500;10000;1291;2579;8;26;1159;2443;10;29;21;38;14;10;9;5;70;28;1;0
G1;12;0344;RAZDRTO-MANČE;5365;17;3687;46;272;200;270;873;0;12000;4564;801;10;7;3380;307;45;1;261;11;191;9;200;70;477;396;3;3
G1;12;0345;MANČE-AJDOVŠČINA;11254;38;9061;82;394;379;376;924;0;8910;10268;986;25;13;8591;470;78;4;384;10;369;10;294;82;527;397;29;55
G1;12;0346;AJDOVŠČINA-SELO(zac HC);12000;29;9562;33;473;413;197;1293;0;9240;10644;1356;16;13;8845;717;28;5;445;28;394;19;161;36;755;538;0;3
R2;444;0347;SELO-TRI HIŠE;4755;24;4452;49;137;70;11;12;0;8600;4541;214;18;6;4252;200;49;0;131;6;69;1;11;0;11;1;11;71
R2;444;0347;TRI HIŠE-AJŠEVICA;8000;48;7145;36;290;184;77;220;8600;10600;7690;310;37;11;6880;265;35;1;284;6;184;0;75;2;195;25;76;15
R2;444;0347;AJŠEVICA - NOVA GORICA;1500;8;1406;15;43;22;3;3;10600;15480;1433;67;6;2;1343;63;15;0;41;2;22;0;3;0;3;0;3;22
R2;444;0348;N.GORICA-M.P.ROŽNA DOLINA;6531;47;6445;14;25;0;0;0;0;130;2174;4357;12;35;2137;4308;12;2;13;12;0;0;0;0;0;0;0;0
R2;445;0349;SENOŽEČE-SEŽANA;3059;13;2763;28;118;68;36;33;0;14310;2840;219;11;2;2557;206;28;0;117;1;67;1;36;0;24;9;1;13
R2;445;0350;SEŽANA-FERNETIČI;2600;11;2349;23;100;58;31;28;0;2500;2414;186;9;2;2174;175;23;0;99;1;57;1;31;0;21;7;1;11
R2;445;0350;FERNETIČI-M.P.FERNETIČI;2000;8;1806;18;77;45;24;22;2500;3485;1857;143;7;1;1672;134;18;0;76;1;44;1;24;0;16;6;1;9
G1;9;0351;JUROVCI-PODLEHNIK;6000;41;5447;60;174;55;2;221;0;4200;837;5163;2;39;740;4707;18;42;24;150;14;41;0;2;39;182;0;7
G1;9;0351;PODLEHNIK - MP GRUŠKOVJE;5455;37;4939;54;159;50;15;201;4200;10920;761;4694;2;35;663;4276;16;38;22;137;13;37;10;5;35;166;0;6
G1;9;0352;HAJDINA-JUROVCI;6400;43;5811;64;186;59;2;235;0;6040;893;5507;2;41;790;5021;19;45;26;160;15;44;0;2;41;194;0;7
G1;7;0353;KOZINA-M.P.KRVAVI POTOK;4824;33;4504;47;66;52;16;106;0;3225;1066;3758;5;28;941;3563;11;36;36;30;30;22;10;6;33;73;0;8
G1;7;0354;OBROV-KOZINA;5933;66;5290;63;113;110;62;229;0;14500;2449;3484;15;51;2043;3247;37;26;99;14;92;18;36;26;127;102;2;7
G1;7;0355;PODGRAD-OBROV;4700;61;4245;62;81;30;30;191;0;5900;952;3748;9;52;831;3414;10;52;25;56;13;17;10;20;54;137;2;9
G1;7;0356;M.P. STAROD-PODGRAD;3921;50;3612;34;27;25;24;149;0;6500;795;3126;7;43;706;2906;8;26;10;17;11;14;8;16;45;104;2;7
G2;109;0357;M.P. PETIŠOVCI-PETIŠOVCI;2129;6;2029;18;18;8;9;41;0;1000;431;1698;6;0;396;1633;10;8;8;10;3;5;4;5;4;37;0;0
G2;109;0357;PETIŠOVCI-LENDAVA;2797;9;2462;21;85;56;62;102;1000;4135;979;1818;4;5;721;1741;12;9;74;11;50;6;56;6;62;40;12;53
R2;409;0358;LJ(VIČ)-AC BREZOVICA;14500;91;13265;328;571;186;40;19;0;1700;14350;150;87;4;13121;144;327;1;570;1;186;0;40;0;19;0;367;29
R2;409;0358;AC BREZOVICA-BREZOVICA;19950;125;18253;451;785;256;54;26;1700;2730;19745;205;120;5;18055;198;450;1;784;1;256;0;54;0;26;0;504;40
R2;412;0359;KRANJ(KIDRIČEVA - ISKRA);16200;57;14524;159;635;516;120;189;0;1500;16083;117;53;4;14423;101;158;1;634;1;515;1;116;4;184;5;155;13
G1;5;0360;RADEČE;5800;17;5160;52;243;225;20;83;0;520;5603;197;17;0;4995;165;48;4;236;7;221;4;20;0;66;17;87;5
G1;5;0361;BRESTANICA-KRŠKO;4810;10;4093;68;225;230;101;83;0;3900;4591;219;10;0;3905;188;63;5;216;9;217;13;100;1;80;3;49;14
G1;9;0362;JUROVCI;6400;43;5811;64;186;59;2;235;0;1000;893;5507;2;41;790;5021;19;45;26;160;15;44;0;2;41;194;0;7
G1;6;0363;IL.BISTRICA;10000;122;9098;124;220;116;58;262;0;1470;4431;5569;14;108;3879;5219;62;62;140;80;92;24;42;16;202;60;22;24
R2;444;0365;NOVA GORICA;10000;51;9362;103;289;147;23;25;0;690;9549;451;38;13;8941;421;103;0;276;13;145;2;23;0;23;2;23;149
G1;3;0366;GORNJA RADGONA-RADENCI;11150;29;9353;180;403;307;90;788;0;5640;9584;1566;26;3;8333;1020;166;14;365;38;282;25;69;21;343;445;26;67
R2;447;0367;ŽALEC-ŠEMPETER;12459;69;11503;163;302;290;61;71;0;5790;12350;109;67;2;11403;100;163;0;300;2;288;2;61;0;68;3;1;36
R3;637;0368;HRUŠICA-JESENICE;7200;45;6728;144;140;111;16;16;0;3000;5881;1319;6;39;5464;1264;134;10;136;4;110;1;15;1;16;0;55;15
R3;637;0368;JESENICE-JAVORNIK;12700;117;11343;327;339;355;59;160;3000;6370;11203;1497;52;65;9938;1405;324;3;330;9;355;0;59;0;145;15;37;0
G1;3;0369;ČRENŠOVCI;6000;19;4965;66;186;156;65;543;0;420;4678;1322;17;2;4011;954;59;7;156;30;136;20;51;14;248;295;35;204
AC;A3;0372;KAMIONSKA C. FERNETČI;872;4;826;11;31;0;0;0;0;1660;379;493;1;3;348;478;4;7;26;5;0;0;0;0;0;0;3;0
G2;111;0373;RUDA(IZOLA)-VALETA;15500;183;14852;71;168;147;34;45;0;8255;11761;3739;104;79;11315;3537;38;33;98;70;142;5;30;4;34;11;0;0
HC;H4;0376;AJDOVŠČINA)-SELO;12000;29;9562;33;473;413;197;1293;0;660;10644;1356;16;13;8845;717;28;5;445;28;394;19;161;36;755;538;0;3
HC;H4;0378;SELO - VOGRSKO;7584;18;6043;21;299;261;125;817;0;6730;6727;857;10;8;5590;453;18;3;281;18;249;12;102;23;477;340;0;2
HC;H4;0379;VOGRSKO-NOVA GORICA;3190;12;2403;7;82;84;72;530;0;4780;2394;796;4;8;2034;369;5;2;63;19;71;13;23;49;194;336;0;0
HC;H4;0380;NOVA GORICA-MP VRTOJBA;7346;16;6269;11;138;98;103;711;0;2200;2663;4683;7;9;2212;4057;5;6;90;48;70;28;37;66;242;469;0;27
G1;13;0381;HOČE - SLIVNICA;24000;34;20389;293;950;856;322;1156;0;965;22010;1990;10;24;18976;1413;279;14;898;52;833;23;315;7;699;457;0;0
HC;H4;0442;ZAČASNI PRIKLJUČEK SELO;12000;73;10717;54;434;276;116;330;0;330;11535;465;56;17;10319;398;52;2;426;8;276;0;113;3;293;37;115;22
AC;A1;0616; LJ(VIČ - KOZARJE);35000;124;30346;133;1843;922;405;1227;0;880;32518;2482;43;81;28363;1983;99;34;1774;69;902;20;386;19;951;276;0;0
AC;A1;0617;LJ(BARJANSKA - VIČ);27980;99;24260;106;1473;737;324;981;0;2760;25996;1984;34;65;22675;1585;79;27;1418;55;721;16;309;15;760;221;0;0
AC;A1;0618;LJ(DOLENJSKA - BARJANSKA);30000;107;26011;114;1579;790;347;1052;0;3940;27872;2128;37;70;24311;1700;85;29;1520;59;773;17;331;16;815;237;0;0
AC;A1;0619;MALENCE - LJ(DOLENJSKA C.);29000;102;25144;110;1527;764;336;1017;0;380;26943;2057;35;67;23501;1643;82;28;1470;57;747;17;320;16;788;229;0;0
RT;901;1001;RATEČE-PLANICA;50;2;48;0;0;0;0;0;0;2000;46;4;2;0;44;4;0;0;0;0;0;0;0;0;0;0;5;1
R1;203;1002;M.P.PREDEL-BOVEC;130;4;126;0;0;0;0;0;0;15000;56;74;0;4;56;70;0;0;0;0;0;0;0;0;0;0;0;0
R1;203;1003;BOVEC-ŽAGA;2000;37;1721;52;106;49;13;22;0;9750;1786;214;22;15;1527;194;47;5;106;0;49;0;13;0;22;0;15;2
R1;203;1004;ŽAGA-KOBARID;1200;22;1033;31;64;29;8;13;0;13500;1072;128;13;9;917;116;28;3;64;0;29;0;8;0;13;0;9;1
G2;102;1005;KOBARID-IDRSKO;3600;11;3165;59;174;81;33;77;0;2200;3359;241;11;0;2930;235;57;2;172;2;81;0;33;0;75;2;17;14
G2;102;1006;IDRSKO-PRŠETI;2400;7;2111;39;116;54;22;51;0;11670;2240;160;7;0;1954;157;38;1;115;1;54;0;22;0;50;1;11;9
G2;103;1007;PERŠETI-UŠNIK;3060;89;2615;31;107;106;35;77;0;4080;2691;369;32;57;2318;297;30;1;93;14;106;0;35;0;77;0;104;0
G2;103;1008;UŠNIK-PLAVE;3147;92;2608;32;110;169;46;90;0;20230;2768;379;33;59;2333;275;31;1;96;14;159;10;36;10;80;10;106;0
G2;103;1009;PLAVE-SOLKAN;6700;40;5992;64;335;150;57;62;0;10070;6284;416;33;7;5594;398;64;0;327;8;149;1;57;0;60;2;116;14
G2;103;1010;SOLKAN-NOVA GORICA;14000;85;12502;63;507;322;136;385;0;5192;13457;543;65;20;12038;464;61;2;497;10;322;0;132;4;342;43;134;26
R1;204;1012;ŠEMPETER-DORNBERK;8400;37;7721;62;321;143;56;60;0;8343;8002;398;30;7;7341;380;62;0;313;8;142;1;56;0;58;2;111;14
R1;204;1013;DORNBERK-ŠTANJEL;3600;23;3195;16;145;95;65;61;0;13185;3462;138;11;12;3070;125;16;0;145;0;94;1;65;0;61;0;102;78
R1;204;1014;ŠTANJEL-DUTOVLJE;2800;39;2495;20;112;33;42;59;0;7820;2628;172;26;13;2343;152;19;1;108;4;33;0;41;1;58;1;59;26
R1;204;1015;DUTOVLJE-SEŽANA;3200;44;2854;23;127;37;48;67;0;7890;3004;196;29;15;2680;174;22;1;123;4;37;0;47;1;66;1;68;29
R2;446;1016;SEŽANA-DIVAČA;3957;17;3589;25;148;111;28;39;0;9770;3751;206;13;4;3411;178;25;0;134;14;110;1;27;1;31;8;3;16
R2;405;1018;MATAVUN-VREME;1400;7;1232;7;50;35;55;14;0;7600;1238;162;3;4;1081;151;7;0;47;3;33;2;55;0;12;2;4;23
R2;405;1018;VREME-RIBNICA;1200;5;1054;10;48;28;9;46;7600;17338;972;228;3;2;841;213;9;1;42;6;27;1;8;1;42;4;10;3
RT;902;1019;STRMEC-MANGART;50;2;48;0;0;0;0;0;0;11980;46;4;2;0;44;4;0;0;0;0;0;0;0;0;0;0;5;1
R2;401;1020;ŽAGA-UČJA;200;0;200;0;0;0;0;0;0;7340;16;184;0;0;16;184;0;0;0;0;0;0;0;0;0;0;0;0
RT;903;1021;IDRSKO-LIVEK;100;5;92;1;1;1;0;0;0;6960;90;10;4;1;83;9;1;0;1;0;1;0;0;0;0;0;10;2
R3;611;1024;DORNBERK-SELO;1277;5;1103;19;88;36;13;13;0;5150;1257;20;5;0;1086;17;18;1;87;1;36;0;13;0;12;1;20;21
R3;619;1025;DUTOVLJE-REPENTABOR;1660;17;1554;16;39;17;13;4;0;5365;1539;121;16;1;1436;118;16;0;37;2;17;0;13;0;4;0;36;53
R1;205;1026;DIVAČA-LOKEV-LIPICA;3369;25;3320;1;21;2;0;0;0;8710;451;2918;5;20;436;2884;0;1;8;13;2;0;0;0;0;0;59;0
R1;206;1027;KR.GORA-VRŠIČ;800;42;735;7;5;7;4;0;0;12570;722;78;35;7;664;71;7;0;5;0;7;0;4;0;0;0;77;13
R1;206;1028;VRŠIČ-TRENTA;500;27;458;5;3;5;2;0;0;8960;451;49;22;5;414;44;5;0;3;0;5;0;2;0;0;0;48;8
R1;206;1029;TRENTA-BOVEC;475;25;437;4;3;4;2;0;0;22600;429;46;21;4;395;42;4;0;3;0;4;0;2;0;0;0;45;8
G2;102;1030;STARO SELO-KOBARID;2000;8;1950;6;30;3;0;3;0;3280;889;1111;4;4;849;1101;6;0;27;3;3;0;0;0;0;3;20;1
G2;102;1031;M.P.ROBIČ-STARO SELO;1034;0;1014;4;11;5;0;0;0;5550;297;737;0;0;283;731;4;0;5;6;5;0;0;0;0;0;0;0
R3;602;1032;STARO SELO-BREGINJ;800;1;757;8;20;8;5;1;0;16550;772;28;1;0;729;28;8;0;20;0;8;0;5;0;1;0;24;7
G2;102;1033;GODOVIČ-KALCE;2900;5;2489;42;147;122;29;66;0;11233;2848;52;3;2;2449;40;42;0;145;2;122;0;27;2;60;6;69;9
G2;102;1034;SP. IDRIJA-GODOVIČ;3631;15;3347;39;80;73;28;49;0;13460;3570;61;8;7;3300;47;39;0;78;2;73;0;28;0;44;5;138;3
G2;102;1035;SPODNJA IDRIJA;2100;9;1849;34;104;60;16;28;0;1900;2065;35;5;4;1822;27;34;0;103;1;60;0;16;0;25;3;80;2
G2;102;1036;ŽELIN-SPODNJA IDRIJA;2150;10;1794;65;124;91;39;27;0;11300;2117;33;7;3;1769;25;65;0;123;1;91;0;39;0;23;4;99;4
G2;102;1037;DOL TREBUŠA-ŽELIN;1700;14;1386;51;111;81;35;22;0;13300;1673;27;10;4;1367;19;48;3;110;1;81;0;35;0;22;0;38;3
G2;102;1038;BAČA-DOL. TREBUŠA;2600;48;2216;63;132;72;35;34;0;8500;2486;114;27;21;2129;87;62;1;132;0;72;0;35;0;29;5;76;4
G2;102;1039;MOST NA SOČI-BAČA;3860;120;3416;77;107;77;35;28;0;2130;3628;232;38;82;3270;146;74;3;107;0;77;0;35;0;27;1;160;12
G2;102;1040;PERŠETI-MOST NA SOČI;4200;132;3717;83;117;83;38;30;0;7600;3947;253;42;90;3558;159;80;3;117;0;83;0;38;0;29;1;174;14
R3;603;1041;MOST NA SOČI-UŠNIK;1000;30;853;10;36;34;12;25;0;4150;879;121;11;19;756;97;10;0;31;5;34;0;12;0;25;0;34;0
R3;612;1042;PLAVE-GONJAČE;520;3;453;5;23;22;14;0;0;6020;501;19;3;0;434;19;5;0;23;0;22;0;14;0;0;0;20;10
R2;402;1045;DOBROVO-NEBLO;2000;8;1840;12;75;38;7;20;0;2700;1885;115;8;0;1728;112;12;0;73;2;37;1;7;0;20;0;15;1
R2;402;1045;NEBLO-M.P. NEBLO;2057;8;1893;13;77;39;7;20;2700;4820;1939;118;8;0;1778;115;13;0;75;2;38;1;7;0;20;0;16;2
R3;614;1046;ŠEMPETER-MIREN;6600;23;6102;39;204;129;61;42;0;5536;6334;266;23;0;5852;250;37;2;200;4;126;3;61;0;35;7;130;31
R3;614;1047;MIREN-OPATJE SELO;650;2;602;4;20;12;6;4;0;7925;624;26;2;0;577;25;4;0;20;0;12;0;6;0;3;1;13;3
R3;614;1048;OPATJE SELO-KOMEN;500;10;454;6;22;5;3;0;0;14885;483;17;10;0;437;17;6;0;22;0;5;0;3;0;0;0;43;57
R3;614;1049;KOMEN-ŠTANJEL;800;17;677;20;46;22;8;10;0;8815;765;35;17;0;643;34;19;1;46;0;22;0;8;0;10;0;21;46
R3;614;1050;ŠTANJEL-MANČE;900;16;834;2;29;11;4;4;0;11750;828;72;16;0;762;72;2;0;29;0;11;0;4;0;4;0;21;59
R3;617;1054;KOMEN-GORJANSKO;1000;5;919;9;38;13;15;1;0;3170;911;89;4;1;834;85;9;0;35;3;13;0;15;0;1;0;23;5
R3;617;1055;GORJANSKO-ŽEKENC;280;1;258;2;11;4;4;0;0;2990;255;25;1;0;234;24;2;0;10;1;4;0;4;0;0;0;6;2
R3;616;1056;GORJANSKO-KLARIČI;350;5;313;5;21;6;0;0;0;10185;322;28;5;0;285;28;5;0;21;0;6;0;0;0;0;0;9;35
R1;207;1057;GODOVIČ-ČRNI VRH;2000;4;1745;29;105;66;14;37;0;7030;1955;45;4;0;1703;42;29;0;104;1;65;1;14;0;36;1;30;4
R1;207;1058;ČRNI VRH-COL;2100;4;1832;30;111;69;15;39;0;9500;2053;47;4;0;1788;44;30;0;110;1;68;1;15;0;38;1;31;4
R1;208;1059;AVER-GRAČIŠČE;1930;16;1842;15;29;28;0;0;0;8750;743;1187;4;12;682;1160;9;6;27;2;21;7;0;0;0;0;0;9
R1;208;1060;GRAČIŠČE-SOČERGA;2170;17;2072;17;33;31;0;0;0;5000;836;1334;4;13;768;1304;10;7;31;2;23;8;0;0;0;0;0;10
R1;208;1060;SOČERGA - MP  SOČERGA;2032;7;1985;13;4;14;0;9;5000;8600;707;1325;3;4;686;1299;6;7;2;2;6;8;0;0;4;5;1;0
R3;625;1061;BERTOKI-ČEŽARJI;4400;23;4128;21;112;108;6;2;0;4000;4220;180;23;0;3949;179;21;0;112;0;107;1;6;0;2;0;4;103
R3;625;1061;ČEŽARJE-GRAČIŠČE;450;2;423;2;11;11;1;0;4000;14300;432;18;2;0;405;18;2;0;11;0;11;0;1;0;0;0;0;11
G1;11;1062;KOPER-ŠMARJE;6400;102;6010;22;108;89;29;40;0;6000;2096;4304;20;82;1898;4112;7;15;58;50;79;10;22;7;12;28;3;22
G1;11;1062;ŠMARJE-DRAGONJA;6000;96;5556;30;148;93;21;56;6000;13650;1965;4035;19;77;1770;3786;7;23;55;93;74;19;20;1;20;36;3;20
G1;11;1062;DRAGONJA-MP DRAGONJA;5422;34;5247;14;61;18;9;39;13650;14530;1146;4276;9;25;1106;4141;1;13;10;51;8;10;2;7;10;29;10;8
R3;609;1064;PREDMEJA-LOKVE;330;93;200;0;10;27;0;0;0;11520;247;83;30;63;180;20;0;0;10;0;27;0;0;0;0;0;0;0
R3;608;1065;LOKVE-ČEPOVAN;99;28;60;0;3;8;0;0;0;5530;74;25;9;19;54;6;0;0;3;0;8;0;0;0;0;0;0;0
R3;609;1066;ČEPOVAN-MOST NA SOČI;100;28;61;0;3;8;0;0;0;13220;75;25;9;19;55;6;0;0;3;0;8;0;0;0;0;0;0;0
R3;608;1067;SOLKAN-LOKVE;1009;22;940;5;11;15;8;8;0;19400;931;78;11;11;880;60;5;0;11;0;15;0;8;0;1;7;0;28
R3;608;1068;ČEPOVAN-DOL.TREBUŠA;44;12;31;0;0;1;0;0;0;11040;41;3;9;3;31;0;0;0;0;0;1;0;0;0;0;0;0;1
R3;630;1069;PREM-OBROV;280;5;260;3;7;5;0;0;0;18696;264;16;5;0;244;16;3;0;7;0;5;0;0;0;0;0;10;16
R3;630;1070;OBROV-GOLAC;120;0;114;3;3;0;0;0;0;8650;103;17;0;0;97;17;3;0;3;0;0;0;0;0;0;0;1;3
R2;403;1071;BAČA-KNEŽA;840;9;753;15;20;26;15;2;0;6000;797;43;2;7;717;36;15;0;20;0;26;0;15;0;2;0;46;8
R2;403;1072;KNEŽA-PODBRDO;800;9;717;14;19;25;14;2;0;15950;759;41;2;7;683;34;14;0;19;0;25;0;14;0;2;0;44;8
R2;403;1073;PODBRDO-PETROVO BRDO;120;1;108;2;3;4;2;0;0;4400;114;6;0;1;103;5;2;0;3;0;4;0;2;0;0;0;7;1
R2;403;1074;PETROVO BRDO-PODROŠT;120;1;108;2;3;4;2;0;0;8100;114;6;0;1;103;5;2;0;3;0;4;0;2;0;0;0;7;1
R2;403;1075;PODROŠT-ZALI LOG;600;2;536;9;21;19;8;5;0;5000;593;7;1;1;530;6;9;0;21;0;19;0;8;0;5;0;13;3
R2;403;1075;ZALI LOG-ČEŠNJICA;900;4;805;13;31;28;12;7;5000;10000;889;11;2;2;796;9;13;0;31;0;28;0;12;0;7;0;20;5
R2;403;1076;ČEŠNJICA-ŠKOFJA LOKA;4200;15;3761;60;144;133;55;32;0;15700;4151;49;7;8;3720;41;60;0;144;0;133;0;55;0;32;0;92;21
R1;210;1077;ŠKOFJA LOKA;20000;98;18088;230;691;693;98;102;0;930;19824;176;69;29;17943;145;230;0;689;2;693;0;98;0;102;0;237;45
R1;210;1078;ŠKOFJA LOKA-JEPRCA;10600;17;9507;109;451;331;58;127;0;6120;10469;131;17;0;9384;123;109;0;449;2;330;1;58;0;122;5;139;23
R2;413;1079;ZBILJE-VODICE;3400;10;2968;42;200;110;20;50;0;7300;3364;36;10;0;2934;34;42;0;198;2;110;0;20;0;50;0;193;54
R2;413;1080;VODICE-MOSTE;4700;11;4172;7;317;109;40;44;0;4350;4667;33;11;0;4141;31;7;0;317;0;109;0;40;0;42;2;142;39
R2;413;1081;MOSTE-DUPLICA;7231;82;6598;37;298;170;30;16;0;4120;7139;92;76;6;6513;85;37;0;297;1;170;0;30;0;16;0;22;191
R1;225;1083;KAMNIK-STAHOVICA;5461;66;4857;47;160;102;144;85;0;4270;5399;62;66;0;4796;61;47;0;159;1;102;0;144;0;85;0;35;167
R1;225;1084;STAHOVICA-ČRNIVEC;2032;24;1815;31;53;67;30;12;0;10615;2001;31;24;0;1790;25;25;6;53;0;67;0;30;0;12;0;23;65
R1;225;1085;ČRNIVEC-GORNJI GRAD;1182;37;1003;22;50;38;16;16;0;12200;1166;16;34;3;990;13;22;0;50;0;38;0;16;0;16;0;22;39
R1;225;1085;GORNJI GRAD-RADMIRJE;2500;40;2264;32;69;59;15;21;12200;17850;2488;12;40;0;2252;12;32;0;69;0;59;0;15;0;21;0;159;25
RT;923;1087;STAHOVICA-KAM.BISTRICA;200;3;181;3;5;5;1;2;0;8210;199;1;3;0;180;1;3;0;5;0;5;0;1;0;2;0;13;2
R1;209;1088;LESCE-BLED;17197;121;15931;260;459;312;82;32;0;3545;15727;1470;74;47;14561;1370;233;27;440;19;310;2;80;2;29;3;188;11
R1;209;1089;BLED-PRISTAVA;9000;63;8338;136;240;163;43;17;0;2200;8231;769;39;24;7621;717;122;14;230;10;162;1;42;1;15;2;98;6
R1;209;1089;PRISTAVA-SOTESKA;3500;32;3221;31;106;78;21;11;2200;10530;3036;464;18;14;2778;443;26;5;104;2;78;0;21;0;11;0;65;1
R1;209;1090;SOTESKA-BITNJE;2800;26;2576;25;85;62;17;9;0;8510;2429;371;15;11;2222;354;21;4;83;2;62;0;17;0;9;0;52;1
R1;209;1091;BITNJE-BOH.BISTRICA;2900;27;2667;26;88;65;18;9;0;1340;2515;385;15;12;2300;367;22;4;86;2;65;0;18;0;9;0;54;1
R1;209;1092;BOH.BISTRICA-JEZERO;2100;34;1859;94;72;34;5;2;0;6200;1846;254;17;17;1622;237;94;0;72;0;34;0;5;0;2;0;212;5
RT;904;1093;JEZERO-ZLATOROG;2000;18;1915;51;8;8;0;0;0;4200;1547;453;12;6;1470;445;49;2;8;0;8;0;0;0;0;0;134;0
RT;904;1093;ZLATOROG-SAVICA;500;5;478;13;2;2;0;0;4200;8200;386;114;3;2;367;111;12;1;2;0;2;0;0;0;0;0;33;0
R3;634;1094;GORJE-BLED;6200;32;5820;86;148;90;15;9;0;3500;5839;361;26;6;5469;351;85;1;146;2;89;1;15;0;9;0;174;24
RT;905;1095;GORJE-KRNICA;2000;10;1878;27;48;29;5;3;0;2160;1884;116;8;2;1765;113;27;0;47;1;29;0;5;0;3;0;56;8
RT;905;1096;KRNICA-ZATRNIK;500;5;461;7;18;7;1;1;0;4000;459;41;4;1;423;38;7;0;16;2;7;0;1;0;1;0;17;3
RT;905;1096;ZATRNIK-MRZLI STUDENEC;400;4;369;6;14;5;1;1;4000;9120;367;33;3;1;338;31;6;0;13;1;5;0;1;0;1;0;14;3
RT;905;1097;MRZLI STUDENEC-JEREKA;170;0;154;4;9;3;0;0;0;16340;160;10;0;0;144;10;4;0;9;0;3;0;0;0;0;0;13;6
R3;633;1098;JEREKA-JEZERO;1600;0;1450;38;88;24;0;0;0;6800;1510;90;0;0;1360;90;38;0;88;0;24;0;0;0;0;0;121;52
R3;633;1099;BITNJE-JEREKA;1400;0;1269;33;77;21;0;0;0;1880;1321;79;0;0;1190;79;33;0;77;0;21;0;0;0;0;0;106;46
RT;906;1100;MRZLI STUD.-RUDNO POLJE;60;0;55;1;3;1;0;0;0;6100;57;3;0;0;52;3;1;0;3;0;1;0;0;0;0;0;5;2
RT;907;1101;KRNICA-ZG.RADOVNA;160;0;145;4;9;2;0;0;0;11880;151;9;0;0;136;9;4;0;9;0;2;0;0;0;0;0;12;5
RT;907;1102;ZG.RADOVNA-DOVJE;220;0;200;5;12;3;0;0;0;6400;208;12;0;0;188;12;5;0;12;0;3;0;0;0;0;0;17;7
R3;634;1104;JAVORNIK-GORJE;1550;14;1466;16;37;16;0;1;0;8060;1476;74;10;4;1396;70;16;0;37;0;16;0;0;0;1;0;62;8
R1;210;1105;M.P.ZG.JEZERSKO-SP.JEZERSKO;299;9;268;2;10;10;0;0;0;10500;124;175;2;7;106;162;0;2;6;4;10;0;0;0;0;0;0;1
R1;210;1106;SP.JEZERSKO-PREDDVOR;1300;86;1128;17;25;35;8;1;0;15800;1111;189;51;35;978;150;16;1;23;2;34;1;8;0;1;0;0;88
R1;210;1107;PREDDVOR-KR(PRIMSKOVO);7700;31;7183;60;243;125;31;27;0;8575;7546;154;20;11;7048;135;60;0;241;2;125;0;31;0;21;6;175;21
R1;210;1108;KR(PRIMSKOVO-LABORE);11000;94;10009;37;369;376;59;56;0;2600;10927;73;93;1;9941;68;37;0;369;0;375;1;58;1;54;2;58;54
R1;210;1109;KRANJ-ŠKOFJA LOKA;11600;57;10491;133;401;402;57;59;0;7830;11498;102;40;17;10407;84;133;0;400;1;402;0;57;0;59;0;137;26
R1;210;1110;ŠK.LOKA-GORENJA VAS;6620;21;6173;88;200;100;15;23;0;16170;6553;67;20;1;6107;66;88;0;200;0;100;0;15;0;23;0;18;8
R1;210;1111;GORENJA VAS-TREBIJA;2800;31;2450;62;130;83;31;13;0;4980;2749;51;19;12;2412;38;62;0;130;0;83;0;31;0;12;1;100;13
R1;210;1112;TREBIJA-SOVODENJ;1000;12;870;30;44;34;9;1;0;5880;975;25;4;8;853;17;30;0;44;0;34;0;9;0;1;0;53;8
R1;210;1113;SOVODENJ-CERKNO;500;6;434;15;22;17;5;1;0;11981;488;12;2;4;426;8;15;0;22;0;17;0;5;0;1;0;26;4
R1;210;1114;CERKNO-ŽELIN;2000;10;1694;74;104;87;20;11;0;4200;1971;29;9;1;1671;23;71;3;104;0;87;0;20;0;9;2;104;4
R1;212;1115;UNEC;6500;21;5604;64;363;324;25;99;0;565;6384;116;21;0;5500;104;62;2;361;2;323;1;25;0;92;7;44;34
R1;212;1116;UNEC-RAKEK;6500;21;5604;64;363;324;25;99;0;2160;6384;116;21;0;5500;104;62;2;361;2;323;1;25;0;92;7;44;34
R1;212;1117;RAKEK-CERKNICA;5941;19;5122;59;332;296;23;90;0;3980;5835;106;19;0;5027;95;57;2;330;2;295;1;23;0;84;6;40;31
R1;212;1118;CERKNICA-BL.POLICA;3793;31;3219;48;210;168;34;83;0;10965;3670;123;31;0;3119;100;48;0;210;0;167;1;34;0;61;22;12;25
R1;212;1119;BL.POLICA-SODRAŽICA;1149;10;952;16;69;61;10;31;0;17315;1127;22;10;0;935;17;16;0;69;0;61;0;10;0;26;5;13;17
R1;212;1120;SODRAŽICA-ŽLEBIČ;2318;12;1923;32;133;146;12;60;0;5770;2271;47;12;0;1882;41;32;0;132;1;146;0;12;0;55;5;13;20
R3;635;1121;LESCE-K.GORICA-LIPNICA;1500;8;1401;25;32;18;4;12;0;11160;1490;10;8;0;1391;10;25;0;32;0;18;0;4;0;12;0;68;7
R3;635;1122;LIPNICA-KROPA;900;3;830;30;29;7;1;0;0;2000;889;11;3;0;820;10;30;0;28;1;7;0;1;0;0;0;27;4
R3;635;1122;KROPA-RUDNO;160;0;137;0;17;4;0;2;2000;15150;134;26;0;0;111;26;0;0;17;0;4;0;0;0;2;0;12;16
RT;911;1123;RUDNO-ROVTARICA;50;0;43;0;5;1;0;1;0;11510;42;8;0;0;35;8;0;0;5;0;1;0;0;0;1;0;4;5
RT;911;1124;ROVTARICA-VRESJE;50;0;43;0;5;1;0;1;0;7880;42;8;0;0;35;8;0;0;5;0;1;0;0;0;1;0;4;5
RT;909;1125;BOH.BISTRICA-VRESJE;200;0;172;0;21;5;0;2;0;8260;168;32;0;0;140;32;0;0;21;0;5;0;0;0;2;0;15;20
R3;636;1126;LIPNICA-PODTABOR;1500;11;1394;26;35;17;5;12;0;9500;1484;16;11;0;1379;15;26;0;34;1;17;0;5;0;12;0;54;3
R3;636;1126;PODTABOR-ZVIRČE;500;4;464;9;11;6;2;4;9500;11200;495;5;4;0;459;5;9;0;11;0;6;0;2;0;4;0;18;1
R3;635;1127;RUDNO-ČEŠNJICA;240;2;221;3;9;3;1;1;0;2270;221;19;2;0;203;18;3;0;8;1;3;0;1;0;1;0;8;2
RT;909;1128;VRESJE-SORICA;60;0;56;1;2;1;0;0;0;9530;55;5;0;0;51;5;1;0;2;0;1;0;0;0;0;0;2;0
RT;909;1129;SORICA-PETROVO BRDO;60;0;56;1;2;1;0;0;0;4200;55;5;0;0;51;5;1;0;2;0;1;0;0;0;0;0;2;0
RT;910;1130;SORICA-PODROŠT;400;4;369;6;14;5;1;1;0;5250;367;33;3;1;338;31;6;0;13;1;5;0;1;0;1;0;14;3
R3;638;1131;ŽIROVNICA-BEGUNJE;1550;8;1384;44;84;29;0;1;0;6290;1533;17;8;0;1367;17;44;0;84;0;29;0;0;0;1;0;177;14
R3;638;1132;BEGUNJE-BISTRICA;700;10;611;5;36;38;0;0;0;10420;674;26;10;0;587;24;5;0;35;1;37;1;0;0;0;0;49;9
R2;410;1133;BISTRICA-TRŽIČ;6000;42;5628;66;186;65;11;2;0;320;5949;51;37;5;5582;46;66;0;186;0;65;0;11;0;2;0;28;199
R2;410;1134;TRŽIČ-GOLNIK;2000;14;1875;22;62;22;4;1;0;6500;1983;17;12;2;1860;15;22;0;62;0;22;0;4;0;1;0;9;66
R2;410;1134;GOLNIK-KOKRICA;5100;35;4785;56;158;55;9;2;6500;13725;5057;43;31;4;4746;39;56;0;158;0;55;0;9;0;2;0;24;169
R2;410;1135;KOKRICA-KRANJ;7600;52;7130;84;236;82;13;3;0;2234;7536;64;46;6;7072;58;84;0;236;0;82;0;13;0;3;0;36;252
G2;104;1136;KRANJ-LETALIŠČE;11310;57;10522;93;200;276;60;102;0;6000;10998;312;57;0;10212;310;93;0;200;0;276;0;60;0;100;2;78;21
G2;104;1136;LETALIŠČE-SP.BRNIK;11000;263;10061;77;145;288;65;101;6000;8330;10824;176;258;5;9893;168;76;1;145;0;288;0;65;0;99;2;23;50
G2;104;1137;SP.BRNIK-MOSTE;11220;268;9898;109;453;322;67;103;0;6245;11041;179;263;5;9727;171;108;1;453;0;322;0;67;0;101;2;23;51
G2;104;1138;MOSTE-MENGEŠ;11800;282;10410;114;477;339;70;108;0;3900;11612;188;277;5;10230;180;113;1;477;0;339;0;70;0;106;2;24;54
G2;104;1139;MENGEŠ-TRZIN;13562;121;12473;84;271;255;164;194;0;4065;13422;140;121;0;12337;136;83;1;271;0;254;1;164;0;192;2;47;57
R1;225;1140;MENGEŠ-DUPLICA;11697;74;10663;234;313;185;136;92;0;3805;11624;73;73;1;10595;68;232;2;313;0;184;1;136;0;91;1;19;122
R3;639;1141;ŠENTVID-ŠMARTNO;10000;97;9260;61;289;210;49;34;0;3000;9976;24;97;0;9236;24;61;0;289;0;210;0;49;0;34;0;18;748
R3;639;1141;ŠMARTNO-VODICE;3288;32;3045;20;95;69;16;11;3000;10800;3280;8;32;0;3037;8;20;0;95;0;69;0;16;0;11;0;6;246
R3;639;1142;VODICE-SP.BRNIK;3374;53;3078;14;146;58;8;17;0;5100;3332;42;52;1;3038;40;13;1;146;0;58;0;8;0;17;0;17;78
R3;639;1143;SP.BRNIK-CERKLJE;1600;18;1502;1;16;28;34;1;0;4500;1586;14;17;1;1489;13;1;0;16;0;28;0;34;0;1;0;43;136
R2;407;1144;GORENJA VAS-LJUBLJANICA;460;2;435;2;11;0;10;0;0;14180;460;0;2;0;435;0;2;0;11;0;0;0;10;0;0;0;45;1
R2;407;1145;LJUBLJANICA-HORJUL;850;5;777;7;36;18;5;2;0;6800;843;7;4;1;771;6;7;0;36;0;18;0;5;0;2;0;67;18
R2;407;1145;HORJUL-VRHNIKA;1400;7;1283;11;59;29;8;3;6800;15110;1389;11;6;1;1273;10;11;0;59;0;29;0;8;0;3;0;110;29
R3;642;1146;VRHNIKA-PODPEČ;2100;13;1968;21;70;24;3;1;0;16795;2091;9;13;0;1959;9;21;0;70;0;24;0;3;0;1;0;214;31
R3;642;1147;PODPEČ-IG;1200;4;1154;0;16;20;3;3;0;8960;1200;0;4;0;1154;0;0;0;16;0;20;0;3;0;3;0;119;38
R3;728;1148;ŠKOFLJICA-IG;300;1;288;0;4;5;1;1;0;5330;300;0;1;0;288;0;0;0;4;0;5;0;1;0;1;0;30;9
R1;208;1149;RIŽANA-MOSTIČJE;1000;8;954;8;15;15;0;0;0;1950;385;615;2;6;353;601;5;3;14;1;11;4;0;0;0;0;0;5
R3;642;1150;IG;1500;5;1441;0;20;26;4;4;0;820;1500;0;5;0;1441;0;0;0;20;0;26;0;4;0;4;0;149;47
R3;647;1151;GROSUPLJE;5500;61;5042;74;192;107;8;16;0;250;5473;27;61;0;5015;27;74;0;192;0;107;0;8;0;16;0;31;233
R1;218;1152;ČRNOMELJ;9000;37;8421;143;105;161;93;40;0;730;8687;313;37;0;8111;310;140;3;105;0;161;0;93;0;40;0;15;93
R1;218;1153;VINICA;1600;2;1515;43;21;19;0;0;0;160;633;967;0;2;569;946;43;0;2;19;19;0;0;0;0;0;77;8
R2;429;1154;ODCEP V DOBRNO;2320;7;2148;14;82;53;14;2;0;1695;2278;42;7;0;2107;41;14;0;82;0;52;1;14;0;2;0;47;36
R1;214;1156;KOČEVJE-STARI LOG;1000;12;768;9;86;56;31;38;0;11975;966;34;12;0;739;29;9;0;86;0;56;0;31;0;33;5;0;7
R1;214;1157;STARI LOG-DVOR;800;9;615;7;69;45;25;30;0;14750;773;27;9;0;592;23;7;0;69;0;45;0;25;0;26;4;0;5
R1;216;1158;ŽUŽEMBERK-DVOR;3100;13;2671;50;103;85;133;45;0;4270;3055;45;13;0;2627;44;50;0;102;1;85;0;133;0;45;0;14;9
R3;650;1159;ŽUŽEMBERK-PLUSKA;750;3;654;18;27;5;38;5;0;13840;747;3;3;0;653;1;18;0;26;1;5;0;38;0;4;1;25;31
R3;650;1160;PLUSKA-TREBNJE;850;4;741;20;30;6;43;6;0;2000;847;3;4;0;740;1;20;0;29;1;6;0;43;0;5;1;28;35
R3;650;1161;TREBNJE;3100;78;2669;35;180;91;24;23;0;1800;3059;41;78;0;2631;38;35;0;178;2;91;0;24;0;22;1;15;34
R1;215;1162;TREBNJE-MOKRONOG;4100;103;3530;46;238;121;32;30;0;14200;4047;53;103;0;3480;50;46;0;236;2;121;0;32;0;29;1;19;45
R1;215;1163;MOKRONOG-BOŠTANJ;1800;17;1498;15;135;88;24;23;0;18630;1762;38;17;0;1462;36;15;0;135;0;88;0;24;0;21;2;13;19
R1;230;1164;RADENCI;3400;38;2986;47;132;104;42;51;0;400;3099;301;37;1;2699;287;45;2;130;2;103;1;35;7;50;1;24;189
R2;416;1165;ŠMARTNO PRI LITIJI;3000;17;2730;32;112;105;4;0;0;260;2986;14;17;0;2716;14;32;0;112;0;105;0;4;0;0;0;0;102
R2;424;1166;SEVNICA-PODGORJE;1100;0;1004;10;42;35;4;5;0;9000;1097;3;0;0;1003;1;10;0;40;2;35;0;4;0;5;0;6;75
R2;424;1166;PODGORJE-PLANINA;300;0;273;3;12;10;1;1;9000;21160;299;1;0;0;273;0;3;0;11;1;10;0;1;0;1;0;2;21
R3;683;1169;PILŠTAJN-GOLOBINJEK;750;11;703;8;14;14;0;0;0;10225;744;6;11;0;697;6;8;0;14;0;14;0;0;0;0;0;28;28
R2;424;1170;PLANINA-DEŽNO;330;2;293;5;15;10;3;2;0;1115;327;3;2;0;290;3;5;0;15;0;10;0;3;0;2;0;9;11
R3;647;1172;PEROVO-GROSUPLJE;3800;42;3483;51;133;74;6;11;0;1480;3781;19;42;0;3464;19;51;0;133;0;74;0;6;0;11;0;22;161
R3;647;1173;GROSUPLJE-MLAČEVO;3890;43;3566;52;136;76;6;11;0;2350;3871;19;43;0;3547;19;52;0;136;0;76;0;6;0;11;0;22;165
R3;647;1174;MLAČEVO-PLEŠIVICA;1089;33;868;26;105;42;5;10;0;3230;1079;10;33;0;858;10;26;0;105;0;42;0;5;0;10;0;19;129
R3;647;1174;PLEŠIVICA-KRKA;400;4;372;3;14;5;1;1;3230;15230;399;1;4;0;371;1;3;0;14;0;5;0;1;0;1;0;2;17
R1;216;1175;KRKA-ŽUŽEMBERK;3399;54;3078;32;123;74;4;34;0;13550;3348;51;54;0;3027;51;32;0;123;0;74;0;4;0;34;0;23;123
R1;216;1176;DVOR-SOTESKA;3300;7;3032;44;69;73;20;55;0;5550;3238;62;7;0;2972;60;44;0;67;2;73;0;20;0;55;0;60;42
R1;216;1177;SOTESKA-ČRMOŠNJICE;2100;4;1931;28;43;47;12;35;0;14355;2061;39;4;0;1893;38;28;0;42;1;47;0;12;0;35;0;38;27
R1;216;1178;ČRMOŠNJICE-RUČETNA VAS;2300;10;2171;19;48;32;12;8;0;9600;2279;21;7;3;2153;18;19;0;48;0;32;0;12;0;8;0;31;19
R1;216;1178;RUČETNA VAS-ČRNOMELJ;3600;15;3399;30;75;49;19;13;9600;15210;3568;32;11;4;3371;28;30;0;75;0;49;0;19;0;13;0;48;29
R3;660;1179;ČRNOMELJ-ADLEŠIČI;1000;4;940;9;23;8;8;8;0;9810;976;24;4;0;916;24;9;0;23;0;8;0;8;0;8;0;3;16
G2;108;1180;ČRNUČE-ŠENTJAKOB;16700;45;14891;87;828;542;166;141;0;3580;16546;154;45;0;14760;131;86;1;823;5;540;2;162;4;130;11;5;67
G2;108;1181;ŠENTJAKOB-RIBČE;8566;24;7665;101;315;280;105;76;0;14870;8459;107;24;0;7604;61;101;0;301;14;270;10;95;10;64;12;7;18
G2;108;1182;RIBČE-LITIJA;6900;36;6195;43;270;232;69;55;0;13474;6841;59;36;0;6137;58;43;0;269;1;232;0;69;0;55;0;1;27
G2;108;1183;LITIJA-ZAGORJE;4985;26;4386;31;205;178;89;70;0;14981;4862;123;26;0;4304;82;31;0;194;11;168;10;79;10;60;10;1;20
G2;108;1184;ZAGORJE-TRBOVLJE;6039;4;5275;8;262;325;79;86;0;4316;5984;55;4;0;5260;15;8;0;252;10;315;10;69;10;76;10;35;1
G2;108;1185;TRBOVLJE-HRASTNIK;5049;8;4428;97;188;210;49;69;0;5162;4999;50;8;0;4418;10;97;0;178;10;200;10;39;10;59;10;38;4
G2;108;1186;HRASTNIK-ZIDANI MOST;2000;1;1908;1;50;40;0;0;0;8520;1961;39;1;0;1870;38;1;0;49;1;40;0;0;0;0;0;36;3
R2;417;1187;VEL.REKA-MORAVČE;600;3;567;0;10;12;8;0;0;6400;596;4;3;0;563;4;0;0;10;0;12;0;8;0;0;0;29;22
R3;645;1188;LJ(LITIJSKA)-ZADVOR;1000;6;915;23;39;13;3;1;0;2650;990;10;6;0;905;10;23;0;39;0;13;0;3;0;1;0;25;2
R3;645;1189;ZADVOR-ŠMARTNO P.LITIJI;900;5;819;9;34;32;1;0;0;26750;896;4;5;0;815;4;9;0;34;0;32;0;1;0;0;0;0;30
R2;417;1190;ŠMAR.P.L.-M.KOSTREVICA;2050;4;1984;4;23;33;2;0;0;1500;2048;2;4;0;1982;2;4;0;23;0;33;0;2;0;0;0;15;111
R2;417;1190;M. KOSTREVICA-VEL. REKA;1700;3;1645;3;19;28;2;0;1500;8700;1698;2;3;0;1643;2;3;0;19;0;28;0;2;0;0;0;13;92
R3;665;1191;VEL. REKA-SOPOTA;300;1;281;3;10;4;1;0;0;15100;299;1;1;0;280;1;3;0;10;0;4;0;1;0;0;0;5;16
R3;665;1191;SOPOTA-RADEČE;1200;5;1127;13;38;15;2;0;15100;28050;1195;5;5;0;1122;5;13;0;38;0;15;0;2;0;0;0;19;62
R3;679;1192;RADEČE-BREG;700;0;601;0;35;29;35;0;0;5700;699;1;0;0;600;1;0;0;35;0;29;0;35;0;0;0;47;4
RT;933;1193;BREG- LISCA;500;5;459;2;22;12;0;0;0;4650;492;8;5;0;451;8;2;0;22;0;12;0;0;0;0;0;20;37
RT;933;1193;LISCA-JURKLOŠTER;250;7;223;5;14;1;0;0;4650;12370;241;9;0;7;221;2;5;0;14;0;1;0;0;0;0;0;11;30
R3;646;1194;ŠKOFLJICA - ŠMARJE-SAP;2479;42;2054;52;199;94;13;25;0;3700;2451;28;42;0;2044;10;40;12;193;6;94;0;13;0;25;0;17;110
R3;646;1195;GROSUPLJE-IVANČNA GOR.;500;3;449;4;25;15;1;3;0;14050;497;3;3;0;448;1;3;1;24;1;15;0;1;0;3;0;6;16
R3;646;1196;IVANČNA GORICA-GRM;3390;21;3047;27;166;102;10;17;0;5350;3373;17;21;0;3041;6;21;6;161;5;102;0;10;0;17;0;40;111
R3;646;1197;GRM-PLUSKA;400;2;360;3;20;12;1;2;0;8440;397;3;2;0;359;1;2;1;19;1;12;0;1;0;2;0;5;13
R3;651;1198;TREBNJE-NOVO MESTO;3200;4;2953;9;115;87;15;17;0;16530;3188;12;4;0;2942;11;8;1;115;0;87;0;15;0;17;0;25;22
R2;418;1199;MOKRONOG-ZBURE;600;4;491;13;36;16;19;21;0;10475;596;4;4;0;488;3;13;0;35;1;16;0;19;0;21;0;4;39
R2;418;1200;ZBURE-ŠKOCJAN;808;5;663;17;48;21;26;28;0;3940;803;5;5;0;659;4;17;0;47;1;21;0;26;0;28;0;6;53
R2;418;1201;ŠKOCJAN-DOBRUŠKA VAS;1430;6;1337;8;37;23;15;4;0;2975;1418;12;6;0;1326;11;8;0;36;1;23;0;15;0;4;0;23;54
R3;669;1202;DOBRUŠKA V.-ŠENTJERNEJ;2748;11;2569;16;71;45;28;8;0;6150;2725;23;11;0;2548;21;16;0;69;2;45;0;28;0;8;0;45;104
R2;419;1203;SOTESKA-NOVO MESTO;6000;8;5558;114;147;101;40;32;0;14600;5959;41;8;0;5520;38;114;0;147;0;101;0;37;3;32;0;134;21
R2;419;1204;NOVO MESTO-ŠENTJERNEJ;4497;6;4039;65;177;132;65;13;0;15755;4465;32;6;0;4008;31;65;0;176;1;132;0;65;0;13;0;12;87
R2;419;1205;ŠENTJERNEJ-KRIŽAJ;2000;6;1788;48;79;48;18;13;0;11325;1955;45;6;0;1744;44;48;0;78;1;48;0;18;0;13;0;60;29
R2;419;1206;KRIŽAJ-ČATEŽ OB SAVI;3000;9;2719;49;110;65;37;11;0;13000;2865;135;8;1;2585;134;49;0;110;0;65;0;37;0;11;0;96;24
R3;675;1207;ČATEŽ OB SAVI-OBREŽJE;600;2;544;10;22;13;7;2;0;10970;573;27;2;0;517;27;10;0;22;0;13;0;7;0;2;0;19;5
R1;217;1208;LIVOLD-BREZOVICA;650;3;578;13;22;16;9;9;0;16230;638;12;3;0;566;12;13;0;22;0;16;0;9;0;9;0;13;14
R1;217;1209;BREZOVICA-DOBLIČE;50;0;41;2;3;2;1;1;0;17000;50;0;0;0;41;0;2;0;3;0;2;0;1;0;1;0;0;1
R1;217;1209;DOBLIČE-KANIŽARICA;360;0;309;10;13;17;2;9;17000;19930;360;0;0;0;309;0;10;0;13;0;17;0;2;0;9;0;8;12
R3;661;1210;MEJA RH-DRAŠIČI;1300;6;1245;19;9;18;3;0;0;4000;1229;71;6;0;1175;70;18;1;9;0;18;0;3;0;0;0;17;27
R3;661;1210;DRAŠIČI-METLIKA;1700;8;1627;25;12;24;4;0;4000;9500;1608;92;8;0;1536;91;24;1;12;0;24;0;4;0;0;0;23;35
R1;218;1211;METLIKA-PODZEMELJ;3300;13;3111;48;33;48;25;22;0;5570;3186;114;13;0;2999;112;47;1;32;1;48;0;25;0;22;0;23;29
R1;218;1212;PODZEMELJ-ČRNOMELJ;2900;12;2713;46;34;52;30;13;0;8950;2799;101;12;0;2613;100;45;1;34;0;52;0;30;0;13;0;5;30
R1;218;1213;ČRNOMELJ-KANIŽARICA;4000;2;3677;56;76;126;43;20;0;2215;3853;147;2;0;3536;141;56;0;74;2;124;2;41;2;20;0;51;59
R1;218;1214;KANIŽARICA-VINICA;2700;1;2483;38;51;85;29;13;0;15535;2602;98;1;0;2388;95;38;0;50;1;84;1;28;1;13;0;35;40
R1;218;1215;VINICA-MOST ČEZ KOLPO;467;1;425;22;10;9;0;0;0;850;117;350;0;1;85;340;22;0;1;9;9;0;0;0;0;0;38;4
R2;415;1216;ŽELODNIK-DRTIJA;4960;30;4563;44;162;99;28;34;0;11080;4946;14;30;0;4550;13;44;0;162;0;99;0;28;0;33;1;10;12
R2;415;1217;DRTIJA-IZLAKE;1730;13;1550;20;48;69;10;20;0;15290;1723;7;13;0;1544;6;19;1;48;0;69;0;10;0;20;0;10;22
R1;221;1218;IZLAKE-ZAGORJE;7200;14;6570;101;195;186;42;92;0;6300;7185;15;14;0;6558;12;101;0;195;0;186;0;42;0;89;3;111;0
R1;221;1219;ZAGORJE-BEVŠKO;3300;7;3077;82;66;58;7;3;0;5450;3295;5;7;0;3072;5;82;0;66;0;58;0;7;0;3;0;37;7
R1;221;1220;BEVŠKO-TRBOVLJE;5000;11;4661;124;100;88;11;5;0;3000;4992;8;11;0;4653;8;124;0;100;0;88;0;11;0;5;0;56;11
R1;221;1221;TRBOVLJE-HRASTNIK;230;5;178;0;8;38;1;0;0;9100;229;1;5;0;177;1;0;0;8;0;38;0;1;0;0;0;30;5
R1;221;1222;HRASTNIK-ŠMARJETA;4460;12;3888;63;155;181;33;128;0;9650;4418;42;12;0;3858;30;63;0;154;1;181;0;33;0;117;11;16;38
R3;680;1223;ŠMARJETA-JURKLOŠTER;600;2;524;8;21;24;4;17;0;15040;595;5;2;0;520;4;8;0;21;0;24;0;4;0;16;1;2;5
R3;680;1224;JURKLOŠTER-DEŽNO;450;3;400;7;20;13;4;3;0;6600;446;4;3;0;396;4;7;0;20;0;13;0;4;0;3;0;12;16
R2;424;1225;DEŽNO-ČRNOLICA;1210;8;1074;19;54;36;10;9;0;11960;1198;12;8;0;1062;12;19;0;54;0;36;0;10;0;9;0;33;42
R2;423;1226;ČRNOLICA-ŠENTJUR;3300;22;2929;52;147;98;27;25;0;2330;3267;33;22;0;2896;33;52;0;147;0;98;0;27;0;25;0;90;115
R1;221;1227;IZLAKE-TROJANE;2200;8;1847;28;89;109;43;76;0;7220;2174;26;8;0;1822;25;28;0;88;1;109;0;43;0;76;0;22;11
R1;222;1228;ZAGORJE-MOST ČEZ SAVO;5000;5;4488;84;127;180;52;64;0;1950;4988;12;4;1;4477;11;84;0;127;0;180;0;52;0;64;0;41;2
R1;223;1229;BEVSKO-MOST ČEZ SAVO;7000;6;6285;117;178;252;72;90;0;1220;6984;16;5;1;6270;15;117;0;178;0;252;0;72;0;90;0;57;3
R1;224;1230;HRASTNIK-MOST ČEZ SAVO;5200;5;4667;87;133;187;54;67;0;1500;5188;12;4;1;4656;11;87;0;133;0;187;0;54;0;67;0;42;2
R3;688;1231;SLOV.KONJICE-ŽIČE;1450;0;1309;19;48;43;29;2;0;4840;1422;28;0;0;1281;28;19;0;48;0;43;0;29;0;2;0;0;0
R3;688;1232;ŽIČE-POLJČANE;3600;0;3249;48;119;107;72;5;0;9500;3532;68;0;0;3181;68;48;0;119;0;107;0;72;0;5;0;0;0
R3;688;1233;POLJČANE-MAJŠPERK;1800;9;1554;38;63;93;38;5;0;16270;1763;37;9;0;1518;36;38;0;63;0;92;1;38;0;5;0;109;42
R3;690;1234;MAJŠPERK-JUROVCI;550;3;474;12;19;28;12;2;0;12605;539;11;3;0;463;11;12;0;19;0;28;0;12;0;2;0;33;13
R3;690;1235;TRŽEC-VIDEM;900;10;717;23;136;14;0;0;0;4500;308;592;5;5;231;486;18;5;45;91;9;5;0;0;0;0;0;9
R3;690;1235;VIDEM-ZG. LESKOVEC;200;2;160;5;30;3;0;0;4500;15775;69;131;1;1;52;108;4;1;10;20;2;1;0;0;0;0;0;2
R1;219;1236;SL.BISTRICA-POLJČANE;3710;14;2972;28;158;269;220;49;0;8600;3571;139;14;0;2848;124;28;0;150;8;266;3;220;0;45;4;42;15
R1;219;1237;POLJČANE-PODPLAT;3700;16;3140;34;170;197;88;55;0;9370;3476;224;16;0;2940;200;33;1;162;8;194;3;85;3;46;9;48;18
G2;107;1238;MESTINJE-PODPLAT;6800;3;6096;74;283;177;36;131;0;2060;6479;321;3;0;5825;271;72;2;275;8;170;7;34;2;100;31;35;9
R1;219;1239;MESTINJE-GOLOBINJEK;3200;1;2826;42;133;86;67;45;0;14900;2892;308;1;0;2535;291;42;0;129;4;83;3;66;1;36;9;22;16
R1;219;1240;GOLOBINJEK-BISTRICA;2285;5;1974;28;145;55;7;71;0;9100;2125;160;5;0;1837;137;28;0;135;10;53;2;7;0;60;11;57;87
R1;219;1241;BISTRICA-BIZELJSKO;1709;15;1505;7;86;37;39;20;0;6805;1531;178;14;1;1330;175;7;0;86;0;37;0;39;0;18;2;94;58
R1;219;1242;BIZELJSKO-BREŽICE;2940;6;2747;10;74;41;29;33;0;16000;2673;267;6;0;2495;252;10;0;70;4;39;2;29;0;24;9;41;16
R1;219;1242;BREŽICE-ČATEŽ;10920;23;10198;39;273;155;108;124;16000;17570;9924;996;23;0;9260;938;39;0;258;15;147;8;108;0;89;35;150;58
R2;423;1243;BISTRICA OB SOTLI-M.P.BISTRICA;1004;6;897;12;43;31;0;15;0;1050;805;199;6;0;721;176;6;6;39;4;31;0;0;0;2;13;8;35
R3;670;1244;BIZELJSKO-M.P.OREŠJE;600;3;572;3;17;4;1;0;0;5260;263;337;3;0;239;333;3;0;13;4;4;0;1;0;0;0;26;10
R2;429;1245;VIŠNJA VAS-DOBRNA;3600;16;3208;56;137;123;46;14;0;7520;3549;51;16;0;3160;48;56;0;136;1;122;1;45;1;14;0;110;21
R1;225;1246;SOTESKA-LETUŠ;3500;25;2969;54;171;154;50;77;0;3340;3466;34;25;0;2939;30;53;1;171;0;154;0;49;1;75;2;68;16
R1;225;1246;LETUŠ-ŠENTRUPERT;5200;37;4412;79;255;229;74;114;3340;12200;5150;50;37;0;4367;45;78;1;255;0;229;0;73;1;111;3;101;23
R1;225;1247;SOTESKA-MOZIRJE;3900;28;3308;60;191;172;56;85;0;2455;3862;38;28;0;3274;34;59;1;191;0;172;0;55;1;83;2;76;17
R1;225;1248;RADMIRJE-MOZIRJE;4100;52;3699;47;132;106;25;39;0;8731;4087;13;52;0;3686;13;47;0;132;0;106;0;25;0;39;0;186;32
R1;225;1248;MOZIRJE;5400;76;4779;80;166;170;41;88;8731;11331;5357;43;76;0;4737;42;80;0;166;0;170;0;41;0;87;1;77;17
R2;428;1249;RADMIRJE-LJUBNO;3520;44;3141;67;71;56;112;29;0;2500;3247;273;44;0;3134;7;67;0;2;69;0;56;0;112;0;29;109;31
R2;428;1249;LJUBNO-LUČE;600;8;535;11;12;10;19;5;2500;12165;553;47;8;0;534;1;11;0;0;12;0;10;0;19;0;5;19;5
R2;428;1250;LUČE-SESTRE LOGAR;500;27;458;5;3;5;2;0;0;13895;451;49;22;5;414;44;5;0;3;0;5;0;2;0;0;0;48;8
RT;925;1251;SESTRE LOGAR-RINKA;200;11;183;2;1;2;1;0;0;7300;180;20;9;2;165;18;2;0;1;0;2;0;1;0;0;0;19;3
R2;428;1252;S.LOGAR-PAVLIČEVO SEDLO;60;4;54;1;0;1;0;0;0;7550;54;6;3;1;49;5;1;0;0;0;1;0;0;0;0;0;6;1
RT;928;1253;MOZIRJE-GOLTE;500;27;458;5;3;5;2;0;0;4350;451;49;22;5;414;44;5;0;3;0;5;0;2;0;0;0;48;8
R1;226;1254;M.P.HOLMEC-POLJANA;2063;4;1992;5;20;14;1;27;0;3930;700;1363;0;4;649;1343;4;1;16;4;13;1;0;1;18;9;0;0
R1;226;1255;POLJANA-RAVNE;8000;43;7513;90;127;119;40;68;0;7965;6163;1837;21;22;5718;1795;88;2;121;6;119;0;40;0;56;12;12;50
R1;226;1256;RAVNE-DRAVOGRAD;6000;24;5089;139;261;279;78;130;0;7080;5765;235;14;10;4894;195;135;4;257;4;277;2;78;0;110;20;5;38
G1;4;1257;DRAVOGRAD-OTIŠKI VRH;10000;90;8703;137;409;378;133;150;0;1370;9855;145;90;0;8591;112;137;0;406;3;376;2;113;20;142;8;12;171
G1;4;1258;OTIŠKI VRH-SL.GRADEC;11464;104;10365;158;273;237;154;173;0;9170;11298;166;104;0;10236;129;158;0;270;3;235;2;131;23;164;9;14;198
G1;4;1259;SL.GRADEC-ZG.DOLIČ;6801;48;6053;101;192;136;148;123;0;12985;6577;224;48;0;5880;173;84;17;177;15;135;1;134;14;119;4;7;32
G1;4;1260;ZG.DOLIČ-VELENJE;6500;46;5291;157;433;323;132;118;0;11550;6287;213;46;0;5221;70;103;54;361;72;314;9;128;4;114;4;7;31
G1;4;1261;VELENJE-ČRNOVA;8400;39;7357;99;229;299;188;189;0;7350;8220;180;39;0;7217;140;96;3;229;0;296;3;178;10;165;24;47;14
G1;4;1262;ČRNOVA-ARJA VAS;9022;26;7814;94;374;318;173;223;0;7020;8873;149;21;5;7713;101;91;3;373;1;317;1;163;10;195;28;4;16
R3;699;1263;DRAVOGRAD-ČRNEČE;400;7;378;0;0;15;0;0;0;2500;278;122;0;7;263;115;0;0;0;0;15;0;0;0;0;0;0;4
R3;699;1263;ČRNEČE-M.P. LIBELIČE;100;2;94;0;0;4;0;0;2500;8800;69;31;0;2;65;29;0;0;0;0;4;0;0;0;0;0;0;1
R1;227;1264;RAVNE-KOTLJE;3400;25;3272;19;30;46;8;0;0;3600;3335;65;25;0;3207;65;19;0;30;0;46;0;8;0;0;0;38;2
R2;425;1265;POLJANA-ČRNA;5600;16;5235;111;57;112;29;40;0;12500;5397;203;6;10;5046;189;109;2;57;0;112;0;29;0;38;2;71;2
R2;425;1265;ČRNA-ŠENTVID;170;2;155;5;3;3;1;1;12500;23950;169;1;2;0;154;1;5;0;3;0;3;0;1;0;1;0;14;4
R2;425;1266;ŠENTVID-ŠOŠTANJ;740;10;677;21;14;11;3;4;0;16835;736;4;10;0;673;4;21;0;14;0;11;0;3;0;4;0;60;16
R2;425;1267;ŠOŠTANJ-PESJE;12300;34;10993;535;320;251;40;127;0;1835;12294;6;34;0;10987;6;535;0;320;0;251;0;40;0;127;0;154;8
R3;694;1268;VELENJE-POLZELA;2200;20;1803;9;95;57;201;15;0;12000;2182;18;20;0;1785;18;9;0;95;0;57;0;201;0;15;0;108;34
R3;694;1268;POLZELA-DOBRTEŠA VAS;3800;35;3113;16;164;99;347;26;12000;15510;3768;32;35;0;3081;32;16;0;164;0;99;0;347;0;26;0;186;58
R2;426;1269;PESJE-GORENJE;7000;76;6254;66;203;189;109;103;0;6100;6955;45;73;3;6214;40;66;0;202;1;189;0;109;0;102;1;51;12
R2;426;1269;PESJE-GORENJE;7000;76;6254;66;203;189;109;103;0;6100;6955;45;73;3;6214;40;66;0;202;1;189;0;109;0;102;1;51;12
R3;701;1270;RUTA-LOVRENC;2100;0;1826;39;95;57;35;48;0;13400;2068;32;0;0;1805;21;39;0;95;0;57;0;35;0;37;11;64;13
R3;701;1270;LOVRENC-PESEK;210;0;205;0;3;2;0;0;13400;18400;196;14;0;0;191;14;0;0;3;0;2;0;0;0;0;0;0;0
R3;700;1272;SL.KONJICE-OPLOTNICA;3000;0;2821;39;22;59;38;21;0;6750;2985;15;0;0;2806;15;39;0;22;0;59;0;38;0;21;0;0;6
R3;700;1273;OPLOTNICA-LOŽNICA;2200;6;1948;25;40;134;29;18;0;9450;2171;29;6;0;1919;29;25;0;40;0;134;0;29;0;18;0;226;60
G2;107;1274;CE(VZHODNA M.)-ŠENTJUR;11327;30;10451;183;255;207;60;141;0;10980;10955;372;30;0;10137;314;180;3;245;10;199;8;59;1;105;36;4;31
G2;107;1275;ŠENTJUR-MESTINJE;8011;3;7470;57;134;151;42;154;0;14410;7634;377;3;0;7150;320;55;2;125;9;143;8;40;2;118;36;41;11
G2;107;1276;PODPLAT-ROG. SLATINA;7300;11;6504;97;290;213;45;140;0;2450;6691;609;10;1;5968;536;82;15;275;15;205;8;40;5;111;29;52;13
G2;107;1276;ROG. SLATINA - ROGATEC;3000;4;2674;40;119;87;18;58;2450;12500;2750;250;4;0;2448;226;38;2;113;6;84;3;17;1;46;12;22;5
G2;107;1277;ROGATEC;2200;0;1879;44;94;28;0;155;0;2000;614;1586;0;0;475;1404;10;34;43;51;19;9;0;0;67;88;0;36
G2;107;1277;ROGATEC-MP DOBOVEC;1201;0;1016;25;51;15;9;85;2000;7865;335;866;0;0;225;791;6;19;33;18;10;5;4;5;57;28;0;20
R3;686;1278;TEPANJE-ŽIČE;1400;0;1264;19;46;41;28;2;0;3750;1373;27;0;0;1237;27;19;0;46;0;41;0;28;0;2;0;0;0
R3;686;1279;ŽIČE-KARTUZIJA;300;0;271;4;10;9;6;0;0;6900;294;6;0;0;265;6;4;0;10;0;9;0;6;0;0;0;0;0
R3;686;1279;KARTUZIJA-DOLE;50;0;45;1;2;1;1;0;6900;17100;49;1;0;0;44;1;1;0;2;0;1;0;1;0;0;0;0;0
R3;686;1280;DOLE-ŠENTJUR;1400;0;1264;19;46;41;28;2;0;3445;1373;27;0;0;1237;27;19;0;46;0;41;0;28;0;2;0;0;0
R2;423;1281;ČRNOLICA-LESIČNO;760;8;664;19;40;26;2;1;0;18370;756;4;8;0;660;4;19;0;40;0;26;0;2;0;1;0;23;46
R2;423;1282;PILŠTAJN-PODSREDA;950;4;846;23;47;22;8;0;0;10020;920;30;4;0;816;30;23;0;47;0;22;0;8;0;0;0;9;29
R2;423;1283;PODSREDA-BISTRICA;770;3;684;13;40;17;5;8;0;6720;724;46;3;0;642;42;13;0;39;1;17;0;5;0;5;3;9;22
R2;432;1284;ROGATEC-MAJŠPERK;600;1;546;4;20;20;9;0;0;15845;585;15;1;0;531;15;4;0;20;0;20;0;9;0;0;0;51;14
R2;432;1285;MAJŠPERK-HAJDINA;2700;4;2470;42;61;88;18;17;0;11760;2592;108;4;0;2370;100;42;0;59;2;88;0;15;3;14;3;119;35
R1;229;1286;ROGOZNICA-SENARSKA;1911;25;1645;19;87;63;25;47;0;17020;1755;156;23;2;1515;130;19;0;81;6;60;3;25;0;32;15;10;34
R1;229;1287;SENARSKA-LENART;3059;8;2729;32;128;75;38;49;0;4100;2863;196;7;1;2559;170;32;0;122;6;72;3;38;0;33;16;15;41
R2;433;1288;LENART-TRATE;2995;8;2780;24;85;50;31;17;0;15950;2723;272;7;1;2520;260;23;1;77;8;50;0;31;0;15;2;13;68
R2;433;1289;TRATE-MOST ČEZ MURO;2000;20;1949;0;28;3;0;0;0;2120;908;1092;9;11;885;1064;0;0;14;14;0;3;0;0;0;0;114;0
G1;2;1290;SL.BISTRICA-KIDRIČEVO;5780;20;4838;32;354;333;61;142;0;16470;5422;358;20;0;4524;314;31;1;337;17;329;4;61;0;120;22;10;8
G1;2;1290;KIDRIČEVO-HAJDINA;7137;29;6207;35;358;345;7;156;16470;20060;6744;393;13;16;5885;322;33;2;337;21;339;6;7;0;130;26;21;3
R1;228;1291;SPUHLJA-BORL;5600;9;4884;135;251;150;31;140;0;8500;4443;1157;8;1;3913;971;95;40;227;24;135;15;28;3;37;103;110;40
R1;228;1291;BORL-ZAVRČ;1839;1;1588;40;58;45;2;105;8500;13900;475;1364;0;1;403;1185;5;35;22;36;20;25;2;0;23;82;0;13
R3;710;1292;MARIBOR-DVORJANE;4600;19;4072;90;208;144;59;8;0;11965;4440;160;19;0;3912;160;90;0;208;0;144;0;59;0;8;0;198;41
R3;710;1292;DVORJANE-PTUJ;2800;5;2623;18;89;42;3;20;11965;25075;2715;85;5;0;2539;84;18;0;89;0;42;0;3;0;19;1;204;26
R3;714;1293;VIDEM-RADENCI;1000;8;918;23;43;7;1;0;0;10353;969;31;8;0;888;30;23;0;43;0;6;1;1;0;0;0;27;61
R2;440;1294;PETANJCI-GEDEROVCI;1200;4;1069;8;76;26;12;5;0;3218;1108;92;4;0;982;87;6;2;74;2;26;0;12;0;4;1;22;91
R2;440;1295;GEREDOVCI-CANKOVA;2300;12;2042;46;113;35;31;21;0;6080;2114;186;12;0;1864;178;42;4;109;4;35;0;31;0;21;0;17;91
R2;440;1296;CANKOVA-ROGAŠOVCI;2450;8;2282;41;79;26;8;6;0;10500;2218;232;4;4;2058;224;41;0;77;2;26;0;8;0;4;2;40;92
R2;440;1296;ROGAŠOVCI-M.P.KUZMA;2000;14;1955;1;24;6;0;0;10500;15940;432;1568;1;13;419;1536;0;1;6;18;6;0;0;0;0;0;2;2
R3;717;1297;CANKOVA;600;4;586;0;8;2;0;0;0;822;129;471;0;4;125;461;0;0;2;6;2;0;0;0;0;0;1;1
R2;441;1298;MURSKA SOBOTA-GEDEROVCI;3300;9;3149;43;71;21;2;5;1000;10200;2528;772;9;0;2407;742;33;10;55;16;21;0;2;0;1;4;12;65
R2;441;1298;GEDEROVCI-M.P. GEDEROVCI;2297;6;2237;4;45;5;0;0;10200;10931;1249;1048;1;5;1219;1018;1;3;23;22;5;0;0;0;0;0;9;27
R2;439;1299;KOBILJE-DOBROVNIK;600;0;569;13;8;5;1;4;0;7730;584;16;0;0;554;15;13;0;8;0;5;0;1;0;3;1;7;12
R2;439;1300;DOBROVNIK-RENKOVCI;1500;0;1376;19;56;39;9;1;0;4230;1471;29;0;0;1347;29;19;0;56;0;39;0;9;0;1;0;33;36
R2;439;1301;RENKOVCI-BELTINCI;1275;0;1169;16;48;33;8;1;0;6521;1250;25;0;0;1144;25;16;0;48;0;33;0;8;0;1;0;28;31
R2;439;1302;BRATONCI-KRIŽEVCI;2615;5;2335;10;109;50;95;11;0;9600;2541;74;5;0;2269;66;10;0;108;1;48;2;95;0;6;5;25;53
R2;439;1303;KRIŽEVCI-ŽIHLAVA;400;1;356;2;17;7;15;2;0;11630;389;11;1;0;346;10;2;0;17;0;7;0;15;0;1;1;4;8
R2;439;1304;ŽIHLAVA-VIDEM;500;1;447;2;21;9;18;2;0;2950;486;14;1;0;434;13;2;0;21;0;9;0;18;0;1;1;5;10
R2;439;1305;VIDEM-SENARSKA;1400;3;1282;20;52;21;18;4;0;13940;1365;35;3;0;1248;34;20;0;51;1;21;0;18;0;4;0;9;19
R2;438;1306;ŠENTILJ-TRATE;1200;1;1029;46;29;79;1;15;0;13520;1117;83;1;0;947;82;46;0;29;0;79;0;1;0;14;1;48;15
R2;438;1307;TRATE-GORNJA RADGONA;2939;12;2700;28;105;60;21;13;0;15745;2735;204;11;1;2501;199;28;0;103;2;60;0;21;0;11;2;11;70
R1;230;1308;RADENCI-KRIŽEVCI;3000;34;2633;42;117;92;37;45;0;12420;2733;267;33;1;2379;254;40;2;115;2;91;1;31;6;44;1;21;167
R1;230;1309;KRIŽEVCI-LJUTOMER;6200;36;5436;89;241;289;53;56;0;7210;5588;612;36;0;4875;561;87;2;216;25;278;11;51;2;45;11;72;42
R1;230;1310;LJUTOMER-PAVLOVCI;2700;7;2238;40;139;129;45;102;0;13910;2385;315;7;0;2004;234;38;2;123;16;117;12;21;24;75;27;17;37
R1;230;1311;PAVLOVCI-ORMOŽ;4300;11;3566;63;221;206;71;162;0;2200;3800;500;11;0;3194;372;60;3;196;25;187;19;33;38;119;43;27;59
G1;2;1312;ORMOŽ;8000;21;6633;118;412;382;133;301;0;1130;7069;931;21;0;5941;692;112;6;365;47;347;35;62;71;221;80;50;109
G1;2;1313;ORMOŽ-SREDIŠČE OB DRAVI;2300;2;1862;43;97;91;14;191;0;9000;1431;869;2;0;1183;679;38;5;76;21;81;10;14;0;37;154;41;46
G1;2;1313;SREDIŠČE OB DRAVI - M.P.SRED.;1143;6;900;2;26;18;6;185;9000;12090;362;781;0;6;326;574;0;2;7;19;9;9;3;3;17;168;1;12
R1;232;1314;HODOŠ-PETROVCI;353;0;321;26;3;3;0;0;0;10458;193;160;0;0;167;154;20;6;3;0;3;0;0;0;0;0;6;4
R1;232;1315;PETROVCI-MAČKOVCI;1000;0;911;26;21;28;10;4;0;6500;941;59;0;0;857;54;23;3;20;1;28;0;10;0;3;1;2;5
R1;232;1315;MAČKOVCI-MARTJANCI;3400;1;3097;86;70;98;33;15;6500;17720;3199;201;1;0;2912;185;77;9;68;2;97;1;33;0;11;4;8;16
R1;232;1316;MARTJANCI-M.SOBOTA;4300;1;3918;108;89;123;42;19;0;2350;4046;254;1;0;3684;234;97;11;86;3;122;1;42;0;14;5;10;20
R3;721;1317;PETROVCI-KUZMA;260;5;224;3;17;8;3;0;0;19950;221;39;3;2;190;34;3;0;14;3;8;0;3;0;0;0;23;3
R2;442;1318;MARTJANCI-DOBROVNIK;2200;20;2022;25;56;51;21;5;0;13831;1993;207;19;1;1822;200;24;1;51;5;51;0;21;0;5;0;25;41
R2;442;1319;DOBROVNIK-DOLGA VAS;2416;10;2258;33;48;34;25;8;0;11529;2236;180;10;0;2084;174;32;1;43;5;34;0;25;0;8;0;19;68
R2;443;1320;LENDAVA-PINCE;1000;7;977;1;12;3;0;0;0;7650;215;785;0;7;209;768;0;1;3;9;3;0;0;0;0;0;1;1
R3;726;1321;RENKOVCI-ČRENŠOVCI;2107;5;1960;30;44;32;20;16;0;8240;2063;44;5;0;1917;43;30;0;43;1;32;0;20;0;16;0;28;136
R3;726;1322;ČRENŠOVCI-RAZKRIŽJE;2610;32;2319;19;103;88;12;37;0;6210;2434;176;32;0;2150;169;19;0;98;5;86;2;12;0;37;0;38;95
R1;231;1323;RAZKRIŽJE-STROČJA VAS;1600;20;1421;12;63;54;7;23;0;3830;1492;108;20;0;1317;104;12;0;60;3;53;1;7;0;23;0;23;58
R3;726;1324;STROČJA VAS-PAVLOVCI;350;0;333;4;12;1;0;0;0;13200;244;106;0;0;229;104;4;0;10;2;1;0;0;0;0;0;18;28
R1;231;1325;GIBINA-RAZKRIŽJE;1256;0;1195;14;42;4;1;0;0;2930;876;380;0;0;822;373;13;1;36;6;4;0;1;0;0;0;63;101
R3;727;1326;RAZKRIŽJE-MEJA R HRVAŠKA;500;0;477;5;16;2;0;0;0;475;350;150;0;0;329;148;5;0;14;2;2;0;0;0;0;0;25;40
R1;231;1327;STROČJA VAS-LJUTOMER;2000;0;1902;23;67;6;2;0;0;2500;1394;606;0;0;1308;594;21;2;57;10;6;0;2;0;0;0;100;161
R2;436;1328;POČEHOVA-ZG.KUNGOTA;4879;25;4516;33;163;67;54;21;0;6870;4637;242;21;4;4285;231;33;0;157;6;67;0;54;0;20;1;22;49
R2;436;1329;ZG.KUNGOTA-JURIJ;703;9;672;7;13;2;0;0;0;5565;173;530;1;8;157;515;6;1;7;6;2;0;0;0;0;0;2;3
R3;708;1330;ZG.KUNGOTA-PLAČ;100;0;94;1;3;1;1;0;0;5480;95;5;0;0;89;5;1;0;3;0;1;0;1;0;0;0;0;1
R3;712;1331;ŽIHLAVA-GABERNIK;500;1;446;5;20;23;3;2;0;13000;480;20;1;0;426;20;5;0;20;0;23;0;3;0;2;0;16;1
R3;712;1331;GABERNIK-ROGOZNICA(PTUJ);2400;4;2138;26;95;111;17;9;13000;21035;2302;98;4;0;2040;98;26;0;95;0;111;0;17;0;9;0;77;4
RT;929;1332;HOČE-POHORSKA VZPENJAČA;900;7;828;18;27;11;9;0;0;16575;866;34;6;1;795;33;18;0;27;0;11;0;9;0;0;0;5;19
R2;422;1333;PODSREDA-BRESTANICA;1000;3;853;29;61;25;13;16;0;16250;961;39;3;0;817;36;29;0;61;0;25;0;13;0;13;3;21;34
R1;220;1334;KRŠKO-BREŽICE;6230;12;5760;65;183;115;51;44;0;12880;5934;296;11;1;5482;278;58;7;176;7;115;0;50;1;42;2;56;36
R2;420;1335;BREŽICE-DOBOVA;3000;5;2753;21;107;62;30;22;0;4500;2237;763;4;1;2021;732;18;3;89;18;55;7;30;0;20;2;36;22
R2;420;1335;DOBOVA-M.P. RIGONCE;1700;3;1560;12;60;35;17;13;4500;6780;1267;433;2;1;1145;415;10;2;50;10;31;4;17;0;12;1;20;13
R3;672;1337;IMPOLJCA-ZAVRATEC;450;2;414;12;13;7;2;0;0;4900;443;7;2;0;407;7;12;0;13;0;7;0;2;0;0;0;9;16
R3;672;1338;ZAVRATEC-SMEDNIK;600;2;552;17;18;9;2;0;0;9120;591;9;2;0;543;9;17;0;18;0;9;0;2;0;0;0;12;22
R3;673;1340;DRNOVO-KRIŽAJ;2100;13;1924;19;63;56;12;13;0;5245;2060;40;13;0;1884;40;19;0;63;0;56;0;12;0;13;0;80;40
RT;919;1341;PODZEMELJ-ADLEŠIČI;600;0;559;4;17;19;1;0;0;9450;593;7;0;0;552;7;4;0;17;0;19;0;1;0;0;0;7;9
R3;660;1342;ADLEŠIČI-VRHOVCI;1000;1;954;9;14;19;0;3;0;3680;983;17;1;0;937;17;9;0;14;0;19;0;0;0;3;0;5;20
R3;660;1342;VRHOVCI-ŽUNIČI;400;0;382;4;5;8;0;1;3680;8730;393;7;0;0;375;7;4;0;5;0;8;0;0;0;1;0;2;8
R3;660;1342;ŽUNIČI-M.P. ŽUNIČI;100;0;95;0;5;0;0;0;8730;9390;56;44;0;0;51;44;0;0;5;0;0;0;0;0;0;0;11;11
RT;919;1343;VINICA-STARI TRG;390;0;374;0;8;8;0;0;0;20220;371;19;0;0;355;19;0;0;8;0;8;0;0;0;0;0;22;25
R3;657;1345;BOSLJIVA LOKA-OSILNICA;350;6;289;7;23;6;19;0;0;9520;344;6;6;0;283;6;7;0;23;0;6;0;19;0;0;0;38;5
R2;416;1346;LITIJA-ŠMARTNO;3300;37;2993;28;143;65;3;31;0;2670;3291;9;37;0;2987;6;28;0;143;0;65;0;3;0;28;3;16;93
R2;416;1347;ŠMARTNO-RADOHOVA VAS;1000;11;908;8;43;20;1;9;0;14630;997;3;11;0;906;2;8;0;43;0;20;0;1;0;8;1;5;28
R2;416;1348;GRM-BIČ;200;2;181;2;9;4;0;2;0;2490;200;0;2;0;181;0;2;0;9;0;4;0;0;0;2;0;1;6
R2;414;1349;KAMNIK-LOČICA;4083;18;3750;33;118;107;20;37;0;28700;3991;92;18;0;3660;90;33;0;117;1;106;1;20;0;37;0;27;55
R2;431;1350;ZG.DOLIČ-STRANICE;1660;13;1413;24;81;88;26;15;0;19135;1631;29;13;0;1388;25;24;0;78;3;87;1;26;0;15;0;54;26
R2;427;1351;LATKOVA VAS-PREBOLD;3000;28;2457;13;129;78;274;21;0;3000;2975;25;28;0;2432;25;13;0;129;0;78;0;274;0;21;0;147;46
R2;427;1351;PREBOLD-TRBOVLJE;900;0;813;30;30;24;0;3;3000;19830;900;0;0;0;813;0;30;0;30;0;24;0;0;0;3;0;14;4
R2;434;1352;RADLJE-M.P.RADLJE;1300;35;1260;0;0;3;0;2;0;5860;429;871;6;29;418;842;0;0;0;0;3;0;0;0;2;0;24;3
R3;704;1353;RADLJE-RIBNICA;600;0;538;24;6;8;18;6;0;12300;600;0;0;0;538;0;24;0;6;0;8;0;18;0;6;0;22;3
RT;931;1354;RIBNICA-RIBNIŠKA KOČA;50;0;44;2;1;1;1;1;0;9710;50;0;0;0;44;0;2;0;1;0;1;0;1;0;1;0;2;0
R3;704;1355;RIBNICA-BREZNO;2300;8;2111;19;95;38;6;23;0;10440;2127;173;4;4;1955;156;17;2;89;6;38;0;6;0;18;5;0;135
R3;644;1356;LJ(ŠMARTIN.)-ŠENTJAKOB;19000;28;17233;76;821;533;189;120;0;3260;18846;154;27;1;17096;137;76;0;817;4;532;1;188;1;110;10;19;83
R3;644;1357;ŠENTJAKOB-DOMŽALE;15000;62;13573;26;721;440;112;66;0;6180;14849;151;55;7;13459;114;26;0;711;10;431;9;111;1;56;10;10;109
R3;644;1358;DOMŽALE-DUPLICA;9000;15;8318;79;279;169;100;40;0;6090;8957;43;15;0;8276;42;79;0;278;1;169;0;100;0;40;0;9;115
R1;225;1359;DUPLICA-KAMNIK;12000;20;11092;105;371;225;133;54;0;3735;11942;58;20;0;11035;57;105;0;370;1;225;0;133;0;54;0;12;153
R3;642;1360;IG-LJ(PERUZZIJEVA);7100;24;6524;70;341;116;9;16;0;7400;7029;71;24;0;6457;67;70;0;341;0;112;4;9;0;16;0;191;24
R3;643;1362;RAKITNA-CERKNICA;400;7;359;9;12;8;4;1;0;18300;399;1;7;0;358;1;9;0;12;0;8;0;4;0;1;0;30;2
R3;653;1363;SODRAŽICA-HRIB;636;5;567;5;30;26;2;1;0;11150;630;6;5;0;561;6;5;0;30;0;26;0;2;0;1;0;15;1
R3;653;1364;HRIB-PODPLANINA;60;0;60;0;0;0;0;0;0;18860;35;25;0;0;35;25;0;0;0;0;0;0;0;0;0;0;5;0
R1;213;1365;BLOŠKA POLICA-PUDOB;2402;8;2178;47;81;49;4;35;0;8200;2343;59;8;0;2124;54;47;0;80;1;49;0;4;0;31;4;30;233
R1;213;1366;PUDOB-BABNO POLJE;500;5;458;24;7;4;0;2;0;10460;226;274;0;5;199;259;24;0;1;6;2;2;0;0;0;2;1;22
R1;216;1367;IVANČNA GORICA-KRKA;4295;21;3916;49;156;89;30;34;0;7100;4258;37;21;0;3880;36;49;0;155;1;89;0;30;0;34;0;23;112
R3;647;1368;MLAČEVO-RAŠICA;2620;52;2416;20;73;45;8;6;0;19115;2609;11;52;0;2405;11;20;0;73;0;45;0;8;0;6;0;12;53
R3;641;1369;LJUBLJANICA-POL.GRADEC;150;0;138;3;5;3;1;0;0;9100;149;1;0;0;137;1;3;0;5;0;3;0;1;0;0;0;11;2
R3;641;1369;POL.GRADEC-DOBRAVA;2200;4;2027;38;68;38;18;7;9100;19500;2182;18;4;0;2009;18;38;0;68;0;38;0;18;0;7;0;167;27
R3;641;1369;DOBRAVA-LJ.VIČ;4500;8;4144;78;139;78;38;15;19500;23645;4462;38;8;0;4106;38;78;0;139;0;78;0;38;0;15;0;342;55
R3;610;1370;D.TREBUŠA-SP.IDRIJA;220;18;189;0;7;3;0;3;0;22720;207;13;5;13;189;0;0;0;7;0;3;0;0;0;3;0;62;5
R3;610;1371;PEČNIK-ŽIRI;500;43;426;0;17;7;0;7;0;10500;469;31;12;31;426;0;0;0;17;0;7;0;0;0;7;0;142;12
RT;914;1372;POSTOJNA-UNEC;550;1;469;17;33;23;5;2;0;4200;545;5;1;0;464;5;17;0;33;0;23;0;5;0;2;0;2;24
R3;640;1373;RAKEK-LOGATEC;500;1;427;15;30;21;4;2;0;14140;496;4;1;0;423;4;15;0;30;0;21;0;4;0;2;0;2;22
R2;408;1374;LOGATEC-ŽIRI;1250;4;1123;25;35;36;18;9;0;21385;1240;10;3;1;1114;9;25;0;35;0;36;0;18;0;9;0;18;10
R2;408;1375;ŽIRI-TREBIJA;2100;19;1822;44;102;72;25;16;0;7350;2060;40;15;4;1786;36;44;0;102;0;72;0;25;0;16;0;60;13
RT;915;1376;IL.BISTRICA-GRDA DRAGA;150;3;138;2;4;3;0;0;0;21000;142;8;3;0;130;8;2;0;4;0;3;0;0;0;0;0;6;8
R3;632;1378;IL.BISTRICA-ZABIČE;2400;5;2285;19;56;20;9;6;0;9570;2352;48;5;0;2239;46;19;0;55;1;20;0;9;0;5;1;50;10
R3;632;1378;ZABIČE-NOVOKRAČINE;220;0;210;2;5;2;1;0;9570;17660;216;4;0;0;206;4;2;0;5;0;2;0;1;0;0;0;5;1
R2;404;1379;PODGRAD-IL.BISTRICA;2800;7;2582;23;69;41;12;66;0;11000;2643;157;6;1;2445;137;23;0;62;7;39;2;10;2;58;8;26;12
R2;404;1380;IL.BISTRICA-PIVKA;2600;9;2377;35;104;56;8;11;0;16942;2355;245;8;1;2150;227;30;5;95;9;55;1;7;1;10;1;24;22
R3;629;1381;VALETA-PIRAN;8600;23;7667;45;427;279;86;73;0;4090;8519;81;23;0;7599;68;44;1;424;3;278;1;84;2;67;6;3;35
R3;627;1382;KASTELEC-SOCERB;260;5;240;3;7;5;0;0;0;3960;246;14;5;0;226;14;3;0;7;0;5;0;0;0;0;0;10;14
RT;908;1383;KRAJE-MOJSTRANA;1000;6;935;20;20;15;2;2;0;2000;817;183;1;5;759;176;19;1;19;1;15;0;2;0;2;0;8;2
RT;908;1383;MOJSTRANA-VRATA;60;4;54;1;0;1;0;0;2000;11600;54;6;3;1;49;5;1;0;0;0;1;0;0;0;0;0;6;1
R3;674;1384;ZAVRATEC-ŠKOCJAN;881;0;794;12;41;17;11;6;0;10760;869;12;0;0;782;12;12;0;41;0;17;0;11;0;6;0;21;34
R3;667;1385;ZBURE-MAČKOVEC;3344;13;2985;146;125;65;6;4;0;13820;3289;55;11;2;2932;53;146;0;125;0;65;0;6;0;4;0;5;13
R2;406;1407;DEKANI-ANKARAN;9500;37;9030;59;238;91;39;6;0;6000;8069;1431;26;11;7625;1405;56;3;227;11;90;1;39;0;6;0;54;4
R2;406;1407;ANKARAN-M.P.LAZARET;1589;0;1515;0;74;0;0;0;6000;8800;869;720;0;0;795;720;0;0;74;0;0;0;0;0;0;0;0;55
RT;929;1409;ODCEP ZA AREH;500;27;458;5;3;5;2;0;0;5210;451;49;22;5;414;44;5;0;3;0;5;0;2;0;0;0;48;8
R1;219;1410;POLJČANE;5160;19;4134;39;220;374;306;68;0;620;4966;194;19;0;3962;172;39;0;208;12;370;4;306;0;62;6;58;20
R2;432;1411;MAJŠPERK;3000;16;2586;64;105;156;64;9;0;480;2938;62;16;0;2526;60;64;0;105;0;154;2;64;0;9;0;181;71
R3;621;1412;KALCE-PODKRAJ;250;1;230;1;6;3;6;3;0;15000;242;8;1;0;222;8;1;0;6;0;3;0;6;0;3;0;3;6
R3;621;1412;PODKRAJ-COL;260;1;240;1;6;3;6;3;15000;20130;252;8;1;0;232;8;1;0;6;0;3;0;6;0;3;0;3;6
R1;207;1413;COL-AJDOVŠČINA;2985;18;2681;15;106;88;23;54;0;8140;2917;68;12;6;2623;58;15;0;106;0;88;0;22;1;51;3;6;28
R3;683;1414;IMENO-M.P.IMENO;400;4;388;0;8;0;0;0;0;1015;245;155;4;0;238;150;0;0;3;5;0;0;0;0;0;0;23;20
R1;230;1415;KRIŽEVCI;5300;31;4648;76;206;247;45;47;0;700;4777;523;31;0;4168;480;74;2;185;21;238;9;43;2;38;9;61;36
R1;229;1417;PTUJ-ROGOZNICA;11300;31;10076;59;560;366;113;95;0;2080;11196;104;31;0;9987;89;58;1;557;3;365;1;110;3;88;7;3;45
R3;688;1418;ŽIČE;3000;0;2708;40;99;89;60;4;0;670;2943;57;0;0;2651;57;40;0;99;0;89;0;60;0;4;0;0;0
R2;425;1419;PESJE-VELENJE;13700;73;11920;235;671;538;119;144;0;3790;13659;41;73;0;11880;40;234;1;671;0;538;0;119;0;144;0;276;34
R1;219;1421;BISTRICA OB SOTLI;2000;4;1728;24;127;48;6;63;0;720;1859;141;4;0;1608;120;24;0;118;9;46;2;6;0;53;10;50;76
R2;429;1422;DOBRNA-ČRNOVA;3200;9;2964;19;113;73;19;3;0;3400;3143;57;9;0;2908;56;19;0;113;0;72;1;19;0;3;0;65;49
R1;227;1423;KOTLJE-SLOVENJ GRADEC;4300;31;4139;24;38;58;10;0;0;11154;4218;82;31;0;4057;82;24;0;38;0;58;0;10;0;0;0;48;2
R1;225;1424;KAMNIK-MEKINJE;7000;12;6470;61;217;131;78;31;0;700;6966;34;12;0;6437;33;61;0;216;1;131;0;78;0;31;0;7;90
R2;416;1425;GRM;900;10;815;8;39;18;1;9;0;750;897;3;10;0;813;2;8;0;39;0;18;0;1;0;8;1;4;25
R2;402;1426;SOLKAN-GONJAČE;3500;14;3220;21;132;66;12;35;0;10630;3298;202;14;0;3023;197;21;0;128;4;65;1;12;0;35;0;27;3
R3;628;1427;MLINI-SEČOVLJE;2400;12;2235;24;69;55;3;2;0;3050;1603;797;10;2;1456;779;21;3;59;10;53;2;3;0;1;1;37;2
R2;411;1428;POLICA-NAKLO(MARINŠEK);8000;17;6847;156;353;449;117;61;0;1900;7900;100;17;0;6748;99;156;0;353;0;449;0;117;0;60;1;6;27
R2;411;1428;NAKLO(MARINŠEK)-PODTABOR;3100;19;2775;51;112;108;6;29;1900;7160;3054;46;19;0;2730;45;51;0;112;0;108;0;5;1;29;0;164;41
R2;411;1429;GOBOVCE-ČRNIVEC;1500;12;1369;42;58;19;0;0;0;6330;1467;33;12;0;1336;33;42;0;58;0;19;0;0;0;0;0;88;19
R3;701;1430;PESEK-ZREČE;210;0;205;0;3;2;0;0;0;3500;196;14;0;0;191;14;0;0;3;0;2;0;0;0;0;0;0;0
R3;701;1430;ZREČE-ZEČE;1300;3;1218;25;28;20;5;1;3500;21400;1295;5;3;0;1213;5;25;0;28;0;20;0;5;0;1;0;75;13
R2;435;1431;MARIBOR-RUŠE;10000;34;8783;114;399;351;148;171;0;9163;9845;155;34;0;8659;124;114;0;395;4;350;1;148;0;145;26;315;11
R3;705;1432;RUŠE-PUŠČAVA;1400;0;1295;20;33;19;14;19;0;10100;1383;17;0;0;1284;11;20;0;33;0;19;0;14;0;13;6;57;14
R3;658;1433;STARI TRG-BREZOVICA;380;1;300;9;37;22;7;4;0;8464;375;5;1;0;295;5;9;0;37;0;22;0;7;0;4;0;1;4
R3;643;1436;PODPEČ-RAKITNA;1000;17;897;22;31;21;9;3;0;10900;997;3;17;0;894;3;22;0;31;0;21;0;9;0;3;0;74;4
R3;613;1437;AJŠEVICA-NOVA GORICA;7200;43;6430;32;261;166;70;198;0;4200;6921;279;33;10;6191;239;31;1;256;5;166;0;68;2;176;22;69;13
R2;435;1439;RUŠE-SELNICA;6300;28;5683;35;241;133;108;72;0;3297;6210;90;28;0;5600;83;35;0;236;5;133;0;106;2;72;0;18;186
R2;432;1440;MEJA HRVAŠKA-ROGATEC;1000;2;912;8;32;32;14;0;0;180;975;25;2;0;887;25;8;0;32;0;32;0;14;0;0;0;85;24
R3;682;1441;LOKE-LEDINŠČICA;350;2;333;0;10;5;0;0;0;10080;348;2;2;0;331;2;0;0;10;0;5;0;0;0;0;0;16;12
R3;651;1442;NOVO M.(KANDIJA-OBČINA);11500;31;10253;60;570;373;115;98;0;310;11394;106;31;0;10163;90;59;1;567;3;372;1;112;3;90;8;3;46
R3;646;1443;ŠMARJE-SAP - CIKAVA;2400;41;1987;51;193;91;13;24;0;2800;2372;28;41;0;1977;10;39;12;187;6;91;0;13;0;24;0;16;106
R3;646;1444;CIKAVA - GROSUPLJE;2500;42;2072;52;201;95;13;25;0;2000;2472;28;42;0;2062;10;40;12;195;6;95;0;13;0;25;0;17;111
G1;4;1445;SL.GRADEC;10000;90;8703;137;409;378;133;150;0;1910;9855;145;90;0;8591;112;137;0;406;3;376;2;113;20;142;8;12;171
R3;722;1446;M.P.MARTINJE-MARTINJE;130;0;130;0;0;0;0;0;0;310;55;75;0;0;55;75;0;0;0;0;0;0;0;0;0;0;4;0
G2;103;1447;NOVA GORICA - ŠEMPETER;9000;55;8036;40;326;207;88;248;0;2100;8651;349;42;13;7738;298;39;1;320;6;207;0;85;3;220;28;86;16
G1;4;1448;ARJA VAS-ŽALEC;3866;13;3288;46;229;178;56;56;0;1820;3823;43;12;1;3250;38;46;0;229;0;177;1;56;0;53;3;0;5
G1;10;1449;LOČICA;1900;3;1530;12;82;75;16;182;0;500;1673;227;2;1;1394;136;9;3;79;3;71;4;15;1;103;79;0;0
R3;658;1450;STARI TRG;500;1;394;12;49;29;10;5;0;1130;493;7;1;0;387;7;12;0;49;0;29;0;10;0;5;0;1;5
R2;444;1451;RAZDRTO;500;10;415;11;17;16;19;12;0;1580;451;49;7;3;371;44;10;1;16;1;16;0;19;0;12;0;2;3
R2;430;1452;SL.BISTRICA-DEVINA;3400;12;2814;19;208;196;68;83;0;1430;3189;211;12;0;2629;185;18;1;198;10;194;2;68;0;70;13;6;5
R2;412;1454;POLICA-KR(KIDRIČEVA);20300;117;17647;392;856;871;182;235;0;2010;20009;291;116;1;17383;264;389;3;855;1;868;3;174;8;224;11;66;3
RT;922;1455;CERKLJE-KRVAVEC;200;2;189;0;2;3;4;0;0;2698;198;2;2;0;187;2;0;0;2;0;3;0;4;0;0;0;5;17
R1;215;1456;TREBNJE;7500;189;6458;84;436;221;58;54;0;1450;7402;98;189;0;6366;92;84;0;432;4;221;0;58;0;52;2;35;82
R3;652;1457;MORAVČE-ČATEŽ;300;2;283;0;5;6;4;0;0;6200;298;2;2;0;281;2;0;0;5;0;6;0;4;0;0;0;14;11
R3;652;1457;ČATEŽ-TREBNJE;1700;9;1604;0;29;35;23;0;6200;15470;1688;12;9;0;1592;12;0;0;29;0;35;0;23;0;0;0;81;64
R3;695;1458;GORENJE-SOTESKA;1500;14;1229;6;65;39;137;10;0;2710;1488;12;14;0;1217;12;6;0;65;0;39;0;137;0;10;0;74;23
R3;637;1459;ŽIROVNICA-VRBA;3825;36;3413;99;103;107;18;49;0;3500;3373;452;16;20;2990;423;98;1;100;3;107;0;18;0;44;5;11;0
G2;102;1460;KALCE-LOGATEC;4200;24;3577;79;230;163;29;98;0;3490;4075;125;18;6;3470;107;78;1;228;2;162;1;29;0;90;8;87;18
G2;102;1461;LOGATEC;3537;12;2930;4;204;160;80;147;0;1672;3457;80;10;2;2880;50;2;2;200;4;150;10;75;5;140;7;0;0
HC;H1;1462;ČRNIVEC-PODTABOR;22000;102;20285;283;281;446;239;364;0;5840;18134;3866;48;54;16750;3535;248;35;209;72;423;23;181;58;275;89;0;0
G1;10;1463;KOZINA;12000;61;10392;76;389;316;147;619;0;760;9926;2074;26;35;8631;1761;56;20;343;46;305;11;115;32;450;169;0;1
R2;444;1464;G2-12 - SELO;300;1;269;1;11;7;3;8;0;700;289;11;1;0;259;10;1;0;11;0;7;0;3;0;7;1;3;1
R2;402;1465;GONJAČE-DOBROVO;3500;14;3219;22;132;66;13;34;0;4780;3299;201;14;0;3023;196;22;0;128;4;65;1;13;0;34;0;27;3
RT;919;1466;ŽUNIČI-VINICA;700;0;667;5;10;15;3;0;0;10340;670;30;0;0;637;30;5;0;10;0;15;0;3;0;0;0;15;20
HC;H4;1467;KAMIONSKA CESTA VRTOJBA;1273;0;0;0;162;115;120;876;0;1450;515;758;0;0;0;0;0;0;106;56;82;33;43;77;284;592;0;5
G1;1;1468;MB(KOROŠKI MOST - TITOVA);12300;77;11253;278;484;158;34;16;0;4760;12173;127;74;3;11131;122;277;1;483;1;158;0;34;0;16;0;311;24
G1;5;1469;ARJA VAS;4290;20;3853;32;170;153;37;25;0;2490;4257;33;19;1;3822;31;32;0;170;0;153;0;37;0;24;1;5;20
R1;232;1470;MURSKA SOBOTA;9000;3;8200;227;184;259;87;40;0;1000;8467;533;3;0;7710;490;203;24;179;5;256;3;87;0;29;11;21;42
R2;411;1471;KRANJ Z - POLICA;10000;57;8694;194;421;429;90;115;0;720;9857;143;57;0;8564;130;192;2;421;0;427;2;86;4;110;5;33;2
R3;609;2117;AJDOVŠČINA-LOKAV.-PREDMEJA;800;13;747;2;26;10;1;1;0;11640;778;22;13;0;726;21;2;0;26;0;10;0;1;0;0;1;20;45
R3;677;2202;PIŠECE-ZG.POHANCA-KRŠKO;300;1;272;7;10;5;4;1;0;17355;293;7;1;0;265;7;7;0;10;0;5;0;4;0;1;0;9;4
R3;677;2203;M.P. NOVA VAS-PIŠECE;100;0;94;0;6;0;0;0;0;6555;37;63;0;0;34;60;0;0;3;3;0;0;0;0;0;0;3;11
R3;676;2204;SP.POHANCA-KAPELE;1800;5;1635;39;62;28;23;8;0;10120;1760;40;5;0;1595;40;39;0;62;0;28;0;23;0;8;0;53;23
R3;676;2212;KAPELE;2000;6;1816;44;69;31;25;9;0;855;1955;45;6;0;1771;45;44;0;69;0;31;0;25;0;9;0;59;25
R3;678;2215;ST.VAS-FIGAROV MOST;200;0;194;0;6;0;0;0;0;755;96;104;0;0;93;101;0;0;3;3;0;0;0;0;0;0;5;21
R3;676;2216;KAPELE-RAKOVEC;100;1;92;0;7;0;0;0;0;2515;57;43;1;0;53;39;0;0;3;4;0;0;0;0;0;0;15;27
R3;671;2237;KRIŽAJ-PODBOČJE-ŠUTNA;600;2;537;14;23;14;6;4;0;3975;587;13;2;0;524;13;14;0;23;0;14;0;6;0;4;0;18;9
R3;693;2302;STRMEC-SOCKA-VITANJE;300;2;255;4;15;16;5;3;0;10320;294;6;2;0;250;5;4;0;14;1;16;0;5;0;3;0;10;5
RT;914;2402;RAKOV ŠKOCJAN-PODSKRAJNIK;100;1;93;2;2;1;0;1;0;6987;94;6;1;0;88;5;1;1;2;0;1;0;0;0;1;0;0;2
RT;915;2427;GRDA DRAGA- PUDOB;50;6;38;0;0;0;0;6;0;27865;39;11;0;6;35;3;0;0;0;0;0;0;0;0;4;2;2;18
R3;664;2501;GABER- URŠNA SELA-NOVO MESTO;500;1;463;10;12;8;3;3;0;22200;497;3;1;0;460;3;10;0;12;0;8;0;3;0;3;0;11;2
R2;421;2506;RUČETNA VAS-ŠTREKLJEVEC;1500;7;1415;13;31;21;8;5;0;7135;1486;14;5;2;1403;12;13;0;31;0;21;0;8;0;5;0;20;12
R2;421;2507;ŠTREKLJEVEC-JUGORJE;220;4;183;1;10;13;9;0;0;5890;216;4;4;0;179;4;1;0;10;0;13;0;9;0;0;0;7;17
R3;659;2515;KOT-SODEVCI;50;0;48;0;2;0;0;0;0;1000;27;23;0;0;25;23;0;0;2;0;0;0;0;0;0;0;0;2
R3;658;2517;DOBLIČE-SV.ANA-STARI TRG;400;0;343;1;22;30;4;0;0;9865;387;13;0;0;331;12;1;0;21;1;30;0;4;0;0;0;0;8
R3;702;2703;DRAVOGRAD-TRBONJE;70;0;65;0;0;3;2;0;0;9786;70;0;0;0;65;0;0;0;0;0;3;0;2;0;0;0;3;10
R3;702;2703;TRBONJE-VUHRED;1200;2;1032;5;8;132;18;3;11370;9786;1194;6;2;0;1026;6;5;0;8;0;132;0;18;0;3;0;31;13
R3;702;2704;TRBONJE-DRAVČE;1200;2;1029;5;9;133;19;3;0;12590;1192;8;2;0;1021;8;5;0;9;0;133;0;19;0;3;0;37;22
R3;648;2912;VIDEM-PRI CERKVI STRUGE;300;0;205;5;15;5;69;1;0;10517;299;1;0;0;204;1;5;0;15;0;5;0;69;0;1;0;14;24
R3;649;2915;ZAGRADEC-ZVIRČE;150;0;141;0;4;3;1;1;0;11150;150;0;0;0;141;0;0;0;4;0;3;0;1;0;1;0;14;25
RT;912;3105;NOVAKI-CERKNO;300;16;275;3;2;3;1;0;0;9780;270;30;13;3;248;27;3;0;2;0;3;0;1;0;0;0;29;5
R3;631;3223;STAROD-MEJA RH;50;0;48;1;1;0;0;0;0;3005;43;7;0;0;41;7;1;0;1;0;0;0;0;0;0;0;1;1
R3;632;3224;JELŠANE-NOVOKRAČINE;350;0;334;8;8;0;0;0;0;3830;302;48;0;0;286;48;8;0;8;0;0;0;0;0;0;0;4;8
RT;924;3559;PODLOM-KR.RAK;100;0;93;2;2;1;1;1;0;4540;99;1;0;0;92;1;2;0;2;0;1;0;1;0;1;0;1;16
RT;924;3559;KR.RAK-LUČE;30;0;29;0;1;0;0;0;4540;17032;30;0;0;0;29;0;0;0;1;0;0;0;0;0;0;0;0;5
R3;648;3601;PRI CERKVI-STRUGE-ZVIRČE;300;0;205;5;15;5;69;1;0;4800;299;1;0;0;204;1;5;0;15;0;5;0;69;0;1;0;14;24
R3;648;3601;ZVIRČE-SMUKA;250;0;156;5;14;5;70;0;4800;14695;249;1;0;0;155;1;5;0;14;0;5;0;70;0;0;0;0;5
RT;917;3602;KOČEVJE-ŽELJNE;800;4;711;16;27;20;11;11;0;2923;785;15;4;0;696;15;16;0;27;0;20;0;11;0;11;0;16;18
R3;657;3610;PETRINA-GRIVAC-MIRTOVIČ;350;0;300;1;19;26;4;0;0;11325;338;12;0;0;289;11;1;0;18;1;26;0;4;0;0;0;0;7
R3;654;3611;ŠTALCERJI-KOČ. REKA;300;0;250;11;16;3;20;0;0;5835;292;8;0;0;242;8;11;0;16;0;3;0;20;0;0;0;0;12
R3;659;3616;STARI TRG-KOT;60;0;48;1;6;3;1;1;0;3710;59;1;0;0;47;1;1;0;6;0;3;0;1;0;1;0;0;1
RT;918;3617;GRGELJ-FARA;30;0;26;0;2;2;0;0;0;11375;29;1;0;0;25;1;0;0;2;0;2;0;0;0;0;0;0;1
R3;656;3619;BOROVEC - DRAGARJI;50;0;42;2;3;0;3;0;0;4000;49;1;0;0;41;1;2;0;3;0;0;0;3;0;0;0;0;2
RT;917;3621;ŽELJNE-ROG-BAZA-PODTURN;30;0;25;0;1;0;1;3;0;29400;29;1;0;0;24;1;0;0;1;0;0;0;1;0;3;0;2;1
R3;656;3650;DRAGARJI-OSILNICA;0;0;0;0;0;0;0;0;0;8280;0;0;0;0;0;0;0;0;0;0;0;0;0;0;0;0;0;0
R3;656;3651;KOČEVSKA REKA-BOROVEC;200;0;167;7;11;2;13;0;0;5965;195;5;0;0;162;5;7;0;11;0;2;0;13;0;0;0;0;8
RT;918;3652;KOT-GRGELJ;30;0;26;0;2;2;0;0;0;12314;29;1;0;0;25;1;0;0;2;0;2;0;0;0;0;0;0;1
RT;916;3653;DRAGARJI-MEDVEDJEK-DRAGA;50;0;42;0;3;4;1;0;0;17200;48;2;0;0;40;2;0;0;3;0;4;0;1;0;0;0;0;1
R3;623;3718;KASTELEC-PODGORJE;100;0;96;2;2;0;0;0;0;11198;86;14;0;0;82;14;2;0;2;0;0;0;0;0;0;0;1;2
R3;624;3721;AVER-PODPEČ-MEJA RH;80;5;71;2;0;2;0;0;0;15538;78;2;5;0;69;2;2;0;0;0;2;0;0;0;0;0;1;4
R3;626;3726;GRAČIŠČE-BREZOVICA;50;2;48;0;0;0;0;0;0;8666;45;5;2;0;43;5;0;0;0;0;0;0;0;0;0;0;2;0
R3;679;3909;BREG-SEVNICA;500;1;474;4;9;5;4;3;0;8100;497;3;1;0;471;3;4;0;9;0;5;0;4;0;3;0;11;3
R3;679;3909;SEVNICA-BLANCA;3000;10;2861;23;64;39;2;1;8100;16800;2984;16;9;1;2847;14;23;0;63;1;39;0;2;0;1;0;22;127
R3;679;3909;BLANCA-BRESTANICA;1600;0;1503;10;56;24;2;5;16800;22097;1573;27;0;0;1477;26;10;0;55;1;24;0;2;0;5;0;13;59
R3;671;3921;ŠUTNA-PLANINA/PODBOČJU;50;0;46;0;3;1;0;0;0;10225;33;17;0;0;29;17;0;0;3;0;1;0;0;0;0;0;2;5
R3;672;3927;SMEDNIK-ZAMEŠKO-KOSTANJEVICA;300;0;287;2;4;6;1;0;0;9490;287;13;0;0;274;13;2;0;4;0;6;0;1;0;0;0;6;9
R3;681;4005;LAŠKO;9000;60;7988;141;402;268;74;67;0;150;8911;89;60;0;7899;89;141;0;402;0;268;0;74;0;67;0;246;313
R3;681;4006;LAŠKO-BREZE-ŠENTJUR;300;2;267;5;13;9;2;2;0;19744;297;3;2;0;264;3;5;0;13;0;9;0;2;0;2;0;8;10
R3;724;4210;BERKOVCI-KOBILJE;300;1;281;4;6;4;3;1;0;12943;277;23;1;0;259;22;4;0;5;1;4;0;3;0;1;0;2;8
RT;921;4306;KANDRŠE-VAČE-SP.HOTIČ;500;0;411;8;19;8;11;43;0;7711;478;22;0;0;389;22;8;0;19;0;8;0;11;0;43;0;35;24
R2;417;4326;MORAVČE-TIHABOJ-MIRNA;400;2;378;0;7;8;5;0;0;12108;397;3;2;0;375;3;0;0;7;0;8;0;5;0;0;0;19;15
R2;413;4704;MEDVODE-ZBILJE;4000;12;3490;50;235;130;24;59;0;1215;3958;42;12;0;3450;40;50;0;233;2;130;0;24;0;59;0;227;63
R3;728;4815;IG-RAKITNA;50;1;45;1;2;1;0;0;0;19336;50;0;1;0;45;0;1;0;2;0;1;0;0;0;0;0;4;0
R3;713;4910;LJUTOMER-SAVCI-PTUJ;710;0;660;18;18;14;0;0;0;31053;690;20;0;0;640;20;18;0;18;0;14;0;0;0;0;0;97;20
R3;663;5401;BUŠINJA VAS-RADOVICA;200;1;192;3;1;3;0;0;0;4594;189;11;1;0;181;11;3;0;1;0;3;0;0;0;0;0;3;4
R3;663;5404;RADOVICA-OSTRIŽ;100;0;92;0;7;1;0;0;0;3660;67;33;0;0;59;33;0;0;7;0;1;0;0;0;0;0;5;10
R3;662;5407;METLIKA-MP BOŽAKOVO;100;0;92;0;7;1;0;0;0;8130;67;33;0;0;59;33;0;0;7;0;1;0;0;0;0;0;5;10
RT;926;5501;SOLČAVA-PODOLŠEVA-SLEME;50;0;46;1;1;1;0;1;0;10425;49;1;0;0;45;1;1;0;1;0;1;0;0;0;1;0;0;8
RT;927;5502;ŽIBOVT-SV.DUH-PODOLŠEVA;50;0;46;1;1;1;0;1;0;10345;49;1;0;0;45;1;1;0;1;0;1;0;0;0;1;0;0;8
R3;697;5514;NAZARJE-GORNJI GRAD;600;19;510;11;25;19;8;8;0;14165;591;9;17;2;503;7;11;0;25;0;19;0;8;0;8;0;11;20
R3;717;5614;CANKOVA-GERLINCI;50;0;45;1;2;2;0;0;0;5200;49;1;0;0;44;1;1;0;2;0;2;0;0;0;0;0;4;1
R3;717;5615;KOROVCI;50;0;50;0;0;0;0;0;0;420;21;29;0;0;21;29;0;0;0;0;0;0;0;0;0;0;2;0
R3;717;5616;GERLINCI;50;0;50;0;0;0;0;0;0;355;21;29;0;0;21;29;0;0;0;0;0;0;0;0;0;0;2;0
R3;718;5619;FIKŠINCI;50;0;45;1;2;2;0;0;0;960;49;1;0;0;44;1;1;0;2;0;2;0;0;0;0;0;4;1
R3;718;5620;PERFOČA-FIKŠINCI;50;0;45;1;2;2;0;0;0;4610;49;1;0;0;44;1;1;0;2;0;2;0;0;0;0;0;4;1
R3;719;5621;ROGAŠOVCI-KRAMAROVCI;50;0;45;1;2;2;0;0;0;2165;49;1;0;0;44;1;1;0;2;0;2;0;0;0;0;0;4;1
R3;719;5622;KRAMAROVCI;50;0;50;0;0;0;0;0;0;495;21;29;0;0;21;29;0;0;0;0;0;0;0;0;0;0;2;0
R3;720;5624;SOTINA;50;0;50;0;0;0;0;0;0;2235;21;29;0;0;21;29;0;0;0;0;0;0;0;0;0;0;2;0
R3;716;5630;GRAD-KUZMA;500;3;456;8;15;16;2;0;0;4725;489;11;3;0;445;11;8;0;15;0;16;0;2;0;0;0;37;12
R3;716;5637;LEMERJE-GRAD;500;3;456;8;15;16;2;0;0;11210;489;11;3;0;445;11;8;0;15;0;16;0;2;0;0;0;37;12
R3;716;5640;GRAD;600;3;548;10;18;19;2;0;0;1520;587;13;3;0;535;13;10;0;18;0;19;0;2;0;0;0;44;15
R3;715;5645;M.SOBOTA-LEMERJE;2100;4;1905;30;82;70;8;1;0;8500;2054;46;4;0;1860;45;30;0;81;1;70;0;8;0;1;0;155;74
R3;715;5645;LEMERJE-SKAKOVCI;800;0;721;7;36;31;5;0;8500;14230;784;16;0;0;705;16;7;0;36;0;31;0;5;0;0;0;80;34
R3;723;5657;ČEPINCI-MEJA MADŽARSKA;50;0;50;0;0;0;0;0;0;2455;21;29;0;0;21;29;0;0;0;0;0;0;0;0;0;0;2;0
R3;724;5661;DOMANJŠEVCI-BERKOVCI;100;0;95;1;2;1;1;0;0;3770;93;7;0;0;88;7;1;0;2;0;1;0;1;0;0;0;1;3
R3;725;5668;FOKOVCI-PROSENJAKOVCI;50;0;48;0;2;0;0;0;0;7595;50;0;0;0;48;0;0;0;2;0;0;0;0;0;0;0;2;10
R3;725;5672;MARTJANCI-SEBEBORCI;100;0;96;0;4;0;0;0;0;3167;100;0;0;0;96;0;0;0;4;0;0;0;0;0;0;0;4;19
R3;725;5677;SEBEBORCI-TRAKŠAROV BREG;50;0;48;0;2;0;0;0;0;3973;50;0;0;0;48;0;0;0;2;0;0;0;0;0;0;0;2;10
R3;725;5678;TRAKŠAROV BREG- FOKOVCI;50;0;48;0;2;0;0;0;0;440;50;0;0;0;48;0;0;0;2;0;0;0;0;0;0;0;2;10
R3;723;5691;ŠALOVCI-ČEPINCI;50;0;46;1;1;1;1;0;0;6321;46;4;0;0;42;4;1;0;1;0;1;0;1;0;0;0;0;1
R3;724;5693;HODOŠ-DOMANJŠEVCI;100;0;95;1;2;1;1;0;0;5055;93;7;0;0;88;7;1;0;2;0;1;0;1;0;0;0;1;3
R3;724;5694;DOMANJŠEVCI;100;0;95;1;2;1;1;0;0;1060;93;7;0;0;88;7;1;0;2;0;1;0;1;0;0;0;1;3
R3;604;5701;ROČINJ-LIG;150;1;141;2;3;3;0;0;0;11624;149;1;1;0;140;1;2;0;3;0;3;0;0;0;0;0;5;3
R3;605;5702;KAMBREŠKO-KUŠČAR-LIVEK;100;0;95;1;2;2;0;0;0;18500;100;0;0;0;95;0;1;0;2;0;2;0;0;0;0;0;3;2
R3;606;5703;KANAL-IG-MIŠČEK-NEBLO;220;1;207;3;5;4;0;0;0;35100;219;1;1;0;206;1;3;0;5;0;4;0;0;0;0;0;7;4
R3;607;5723;PREVALA-GRGAR-ČEPOVAN;500;10;469;2;5;7;4;3;0;14580;462;38;5;5;439;30;2;0;5;0;7;0;4;0;0;3;0;14
R3;615;5736;TRI HIŠE-PRIKLJUČEK VOGRSKO;4000;9;3189;11;157;137;66;431;0;2850;3549;451;5;4;2950;239;9;2;148;9;131;6;54;12;252;179;0;1
R3;615;5736;PRIKL.  VOGRSKO-VOLČJA DRAGA;1500;6;1297;22;103;42;15;15;2850;6148;1477;23;6;0;1277;20;21;1;102;1;42;0;15;0;14;1;23;25
R3;615;5740;VOLČJA DRAGA-KRIŽ. CIJAN;1000;4;864;15;69;28;10;10;0;4975;984;16;4;0;851;13;14;1;68;1;28;0;10;0;9;1;16;16
R3;668;5846;GABRJE-RATEŽ;500;0;476;4;7;11;2;0;0;6147;478;22;0;0;454;22;4;0;7;0;11;0;2;0;0;0;11;15
RT;920;5899;VAHTA-GABRJE;50;0;41;1;2;1;1;4;0;19544;48;2;0;0;39;2;1;0;2;0;1;0;1;0;4;0;4;2
RT;913;6101;ERAZEM-VRHI;300;3;277;6;5;4;1;4;0;865;284;16;3;0;263;14;4;2;5;0;4;0;1;0;4;0;1;5
RT;913;6105;POSTOJNA-MOTEL ERAZEM;1300;12;1206;22;23;17;4;16;0;6130;1232;68;12;0;1147;59;15;7;21;2;17;0;4;0;16;0;4;23
RT;913;6109;BUKOVJE-PREDJAMA;150;1;140;3;2;2;0;2;0;1525;142;8;1;0;133;7;2;1;2;0;2;0;0;0;2;0;0;3
RT;913;6110;VRHI-BUKOVJE;200;2;185;3;3;3;1;3;0;1940;190;10;2;0;176;9;2;1;3;0;3;0;1;0;3;0;1;4
R3;692;6223;BORL-M.P.MEJE;280;0;269;0;9;2;0;0;0;7436;159;121;0;0;155;114;0;0;4;5;0;2;0;0;0;0;1;15
R3;691;6251;ZAVRČ-DRENOVEC;100;0;95;0;4;1;0;0;0;7500;56;44;0;0;54;41;0;0;2;2;0;1;0;0;0;0;0;5
R3;689;6252;PODLEHNIK-KOZMINCI;500;1;418;20;31;21;4;5;0;3341;454;46;1;0;378;40;20;0;26;5;20;1;4;0;5;0;27;15
R3;689;6260;KOZMINCI-ROGATEC;450;1;378;18;27;19;3;4;0;15398;409;41;1;0;342;36;18;0;23;4;18;1;3;0;4;0;25;14
R3;706;6301;OŽBALT-ZG.KAPLA;140;0;130;0;3;7;0;0;0;13420;137;3;0;0;127;3;0;0;3;0;7;0;0;0;0;0;3;21
R3;703;6303;GORTINA-BISTRIŠKI JAREK;430;0;424;0;0;2;2;2;0;6050;430;0;0;0;424;0;0;0;0;0;2;0;2;0;2;0;45;85
R3;703;6304;MUTA-GORTINA;1200;0;1182;0;0;6;6;6;0;1610;1200;0;0;0;1182;0;0;0;0;0;6;0;6;0;6;0;125;238
R3;703;6307;MUTA;1600;0;1576;0;0;8;8;8;0;830;1600;0;0;0;1576;0;0;0;0;0;8;0;8;0;8;0;166;317
R3;698;6505;MEŽICA-REHT;300;1;297;0;2;0;0;0;0;2725;202;98;0;1;200;97;0;0;2;0;0;0;0;0;0;0;1;1
RT;926;6506;KOPRIVNA-ČRNA;730;0;681;11;15;8;6;9;0;6341;721;9;0;0;672;9;11;0;15;0;8;0;6;0;9;0;5;116
RT;926;6519;SLEME-KOPRIVNA;50;0;46;1;1;1;0;1;0;5917;49;1;0;0;45;1;1;0;1;0;1;0;0;0;1;0;0;8
R3;655;6643;DOL. VAS - GOTEN. - KOČ. REKA;800;6;713;6;38;33;3;1;0;16525;792;8;6;0;705;8;6;0;38;0;33;0;3;0;1;0;19;1
R3;618;6804;KRAJNA VAS-DUTOVLJE;800;1;747;3;39;10;0;0;0;2320;777;23;1;0;724;23;3;0;39;0;10;0;0;0;0;0;6;0
R3;618;6805;KOMEN -KRAJNA VAS;730;1;681;3;36;9;0;0;0;8215;709;21;1;0;660;21;3;0;36;0;9;0;0;0;0;0;5;0
R3;618;6807;BRANIK-KOMEN;800;10;714;4;27;28;7;10;0;7725;776;24;9;1;691;23;4;0;27;0;28;0;7;0;10;0;28;0
R3;620;6831;ŠTORJE-ŠTANJEL;300;5;265;0;24;6;0;0;0;11440;292;8;3;2;259;6;0;0;24;0;6;0;0;0;0;0;16;30
RT;934;6838;SEŽANA-LIPICA;500;4;493;0;3;0;0;0;0;3494;67;433;1;3;65;428;0;0;1;2;0;0;0;0;0;0;9;0
RT;934;6840;LIPICA-LOKEV;300;2;296;0;2;0;0;0;0;4139;40;260;0;2;39;257;0;0;1;1;0;0;0;0;0;0;5;0
R3;622;6845;DIVAČA-GORIČE;2000;8;1754;17;80;48;16;77;0;3850;1619;381;5;3;1399;355;15;2;70;10;46;2;14;2;70;7;17;5
R3;622;6848;GORIČE-KOŠANA-KAL;400;2;352;3;16;9;3;15;0;16785;325;75;1;1;281;71;3;0;14;2;9;0;3;0;14;1;3;1
R3;696;6904;SL.GRADEC-MISL.DOBRAVA;500;4;481;3;4;7;1;0;0;10940;490;10;4;0;471;10;3;0;4;0;7;0;1;0;0;0;6;0
RT;932;6924;SL.GRADEC-PUNGART;50;0;49;0;1;0;0;0;0;15005;47;3;0;0;46;3;0;0;1;0;0;0;0;0;0;0;0;0
RT;930;7065;PESEK-OPLOTNICA;50;0;46;1;1;1;0;1;0;18820;49;1;0;0;45;1;1;0;1;0;1;0;0;0;1;0;0;8
RT;929;7070;AREH-LUKANJA;50;0;46;1;1;1;0;1;0;15075;49;1;0;0;45;1;1;0;1;0;1;0;0;0;1;0;0;8
R3;687;7207;DOLE-PONIKVA-LOČE;350;0;316;5;12;10;7;0;0;13624;343;7;0;0;309;7;5;0;12;0;10;0;7;0;0;0;0;0
R3;681;7233;PODGORA - NOVA VAS;500;14;448;9;27;2;0;0;0;1440;481;19;0;14;443;5;9;0;27;0;2;0;0;0;0;0;23;61
RT;912;7302;ZALI LOG-DAVČA;100;5;92;1;1;1;0;0;0;7856;90;10;4;1;83;9;1;0;1;0;1;0;0;0;0;0;10;2
RT;912;7350;DAVČA-NOVAKI;100;5;92;1;1;1;0;0;0;2987;90;10;4;1;83;9;1;0;1;0;1;0;0;0;0;0;10;2
R3;685;7450;ROG.SLATINA-M.P.RAJNKOVEC;300;1;287;8;4;0;0;0;0;1880;117;183;1;0;106;181;8;0;2;2;0;0;0;0;0;0;15;5
R3;684;7460;PRELASKO-BUČE-KOZJE;350;5;329;4;6;6;0;0;0;6800;347;3;5;0;326;3;4;0;6;0;6;0;0;0;0;0;13;13
R3;685;7495;TEKAČEVO-ROGAŠKA SLATINA;6000;9;5349;79;238;175;35;115;0;4525;5499;501;8;1;4898;451;75;4;226;12;168;7;33;2;91;24;43;11
R3;601;7507;BORJANA-ROBIDIŠČE;100;0;94;1;3;1;1;0;0;10000;96;4;0;0;90;4;1;0;3;0;1;0;1;0;0;0;3;1
R3;696;7912;VELENJE-ŠKALE;500;4;481;3;4;7;1;0;0;6538;490;10;4;0;471;10;3;0;4;0;7;0;1;0;0;0;6;0
R3;696;7919;PLEŠIVEC-GRAŠ G.-ŠMIKLAVŽ;400;3;385;2;4;5;1;0;0;11115;392;8;3;0;377;8;2;0;4;0;5;0;1;0;0;0;4;0
R2;426;7949;GORENJE - REČICA - LETUŠ;4500;49;4020;42;131;122;70;66;0;5755;4471;29;47;2;3995;25;42;0;130;1;122;0;70;0;65;1;33;8
R2;426;7949;GORENJE - REČICA - LETUŠ;4500;49;4020;42;131;122;70;66;0;5755;4471;29;47;2;3995;25;42;0;130;1;122;0;70;0;65;1;33;8
R3;695;7951;POLZELA-REČICA;500;5;409;2;22;13;46;3;0;5410;496;4;5;0;405;4;2;0;22;0;13;0;46;0;3;0;25;8
R3;666;8115;SOPOTA-PODKUM-ZAGORJE;750;1;691;9;18;26;1;4;0;10691;750;0;1;0;691;0;9;0;18;0;26;0;1;0;4;0;24;4
R3;695;8208;POLZELA;2000;19;1639;8;86;52;182;14;0;720;1983;17;19;0;1622;17;8;0;86;0;52;0;182;0;14;0;98;31
R3;709;8614;MB(PODBREŽJE)-PERNICA;250;1;236;3;6;4;0;0;0;7867;249;1;1;0;235;1;3;0;6;0;4;0;0;0;0;0;8;4
R3;707;8801;SP.SELNICA-DUH NA OSTREM VRHU;100;0;93;0;2;5;0;0;0;14000;98;2;0;0;91;2;0;0;2;0;5;0;0;0;0;0;2;15
R3;706;8802;HAJDIČEV MLIN-GRADIŠČE;100;0;93;0;2;5;0;0;0;2400;98;2;0;0;91;2;0;0;2;0;5;0;0;0;0;0;2;15
R3;711;9006;FRAM-RAČE;1200;6;1073;20;55;33;7;6;0;2312;1173;27;6;0;1048;25;20;0;54;1;32;1;7;0;6;0;3;9
R3;711;9013;RAČE-HAJDINA;300;1;282;4;8;5;0;0;0;13153;299;1;1;0;281;1;4;0;8;0;5;0;0;0;0;0;10;5
R3;711;9014;RAČE;1500;7;1343;25;68;41;9;7;0;550;1466;34;7;0;1311;32;25;0;67;1;40;1;9;0;7;0;4;12
RT;935;9042;FRAM-CESTNIK-AREH;50;0;45;1;2;1;1;0;0;13519;48;2;0;0;43;2;1;0;2;0;1;0;1;0;0;0;0;1
