STM;STM_NAC;IVRC;CESTA;ODSEK;OPIS;PLDP;Motorji;Osebna vozila;Avtobusi;Lahka tov. < 3t;Sr. tov.  3-7t;Tez. tov. nad 7t;Tov. s prik.;STAC_ZAC;STAC_KON;PLDP_D;PLDP_T;MO_D;MO_T;OA_D;OA_T;BUS_D;BUS_T;LT_D;LT_T;ST_D;ST_T;TT_D;TT_T;TP_D;TP_T;motorji;osebna;bus;lahki;srednji;tezki;tp
673;O;AC;A 1;0001;M.P.KARAVANKE-HRUSICA;4984;24;4130;54;222;158;156;240;0;5360;1479;3505;1;23;884;3246;21;33;160;62;133;25;110;46;170;70;24;4130;54;222;158;156;240
1;P;AC;A 1;0002;HRUSICA-LIPCE;11042;79;9679;78;439;282;239;246;0;7168;7543;3499;17;62;6502;3177;33;45;364;75;262;20;192;47;173;73;79;9679;78;439;282;239;246
1;O;AC;A 1;0003;LIPCE-LESCE;11082;79;9716;78;440;283;240;246;0;6360;7571;3511;17;62;6527;3189;33;45;365;75;263;20;193;47;173;73;79;9716;78;440;283;240;246
851;O;AC;A 1;0007;KRANJ Z-KRANJ V;16161;56;14432;118;654;506;87;308;0;5704;12813;3348;27;29;11353;3079;91;27;566;88;492;14;81;6;203;105;56;14432;118;654;506;87;308
850;P;AC;A 1;0008;KRANJ V - BRNIK;17576;47;16420;118;501;158;50;282;0;3887;13763;3813;18;29;12911;3509;65;53;427;74;144;14;42;8;156;126;47;16420;118;501;158;50;282
850;O;AC;A 1;0009;BRNIK - VODICE;16222;44;15153;109;463;146;47;260;0;5250;12702;3520;17;27;11915;3238;60;49;394;69;133;13;39;8;144;116;44;15153;109;463;146;47;260
850;P;AC;A 1;0010;VODICE - SMARTNO;23816;63;22249;159;680;215;68;382;0;6968;18649;5167;24;39;17495;4754;88;71;579;101;195;20;57;11;211;171;63;22249;159;680;215;68;382
852;O;AC;A 1;0011;SMARTNO - BROD;24151;56;22518;139;726;305;84;323;0;2375;20702;3449;44;12;19254;3264;84;55;698;28;290;15;80;4;252;71;56;22518;139;726;305;84;323
852;P;AC;A 1;0012;BROD-SENTVID(LJ);21505;50;20048;125;647;272;75;288;0;915;19802;1703;39;11;18477;1571;111;14;622;25;258;14;71;4;224;64;50;20048;125;647;272;75;288
170;O;AC;A 1;0014;LJ(KOSEZE) - LJ(BRDO);57775;107;50916;246;2202;1763;493;2048;0;1850;54762;3013;84;23;48472;2444;225;21;2141;61;1733;30;469;24;1638;410;107;50916;246;2202;1763;493;2048
170;P;AC;A 1;0015;LJ(BRDO) - LJ(KOZARJE);56650;105;49927;241;2158;1729;482;2008;0;2830;53697;2953;83;22;47530;2397;220;21;2099;59;1700;29;459;23;1606;402;105;49927;241;2158;1729;482;2008
178;P;AC;A 1;0016;LJ(KOZARJE) - LJ(VIC);19570;22;17210;72;912;540;127;687;0;450;18287;1283;20;2;16132;1078;59;13;869;43;527;13;123;4;557;130;22;17210;72;912;540;127;687
178;O;AC;A 1;0017;LJ(VIC) - LJ(BARJANSKA);28757;33;25287;105;1341;795;185;1011;0;2760;26871;1886;30;3;23703;1584;87;18;1277;64;775;20;180;5;819;192;33;25287;105;1341;795;185;1011
178;P;AC;A 1;0018;LJ(BARJANSKA) - LJ(DOLENJSKA);22660;26;19928;83;1056;625;146;796;0;3940;21175;1485;24;2;18680;1248;68;15;1006;50;610;15;142;4;645;151;26;19928;83;1056;625;146;796
178;P;AC;A 1;0019;LJ(DOLENJSKA C.)-MALENCE;22660;26;19928;83;1056;625;146;796;0;380;21175;1485;24;2;18680;1248;68;15;1006;50;610;15;142;4;645;151;26;19928;83;1056;625;146;796
645;P;AC;A 1;0020;MALENCE - SMARJE-SAP;25080;27;23367;253;473;411;86;463;0;6298;22491;2589;22;5;21123;2244;230;23;410;63;369;42;63;23;274;189;27;23367;253;473;411;86;463
645;O;AC;A 1;0021;SMARJE SAP-GROSUPLJE;26277;29;24035;264;745;490;130;584;0;3869;22918;3359;23;6;21187;2848;240;24;629;116;446;44;106;24;287;297;29;24035;264;745;490;130;584
645;P;AC;A 1;0022;GROSUPLJE-VISNJA GORA;21318;23;19862;215;402;349;74;393;0;7900;19117;2201;19;4;17955;1907;195;20;348;54;313;36;54;20;233;160;23;19862;215;402;349;74;393
674;O;AC;A 10;0030;M.P.SENTILJ-SENTILJ;10594;41;10283;67;182;21;0;0;0;1230;1970;8624;6;35;1877;8406;12;55;61;121;14;7;0;0;0;0;41;10283;67;182;21;0;0
837;O;AC;A 10;0031;SENTILJ - PESNICA;9405;34;8944;28;43;10;6;340;0;9960;1068;8337;2;32;944;8000;4;24;37;6;7;3;4;2;70;270;34;8944;28;43;10;6;340
16;O;AC;A 10;0032;PESNICA-MARIBOR;20861;57;18061;147;630;450;252;1264;0;4630;14160;6701;49;8;12331;5730;97;50;573;57;410;40;231;21;469;795;57;18061;147;630;450;252;1264
15;O;AC;A 10;0033;MARIBOR-TEZNO;28350;94;24518;174;1147;882;347;1188;0;2665;23064;5286;82;12;19998;4520;106;68;1087;60;844;38;323;24;624;564;94;24518;174;1147;882;347;1188
802;P;AC;A 10;0034;ZACASNI PRIKLJ.V HOCAH;17325;34;14228;119;929;701;242;1072;0;3000;15018;2307;15;19;12554;1674;104;15;860;69;678;23;201;41;606;466;34;14228;119;929;701;242;1072
802;O;AC;A 10;0035;SLIVNICA-FRAM;12933;25;10174;89;595;624;125;1301;0;1910;10558;2375;11;14;8666;1508;78;11;543;52;607;17;100;25;553;748;25;10174;89;595;624;125;1301
811;O;AC;A 10;0036;FRAM-SL.BISTRICA;13690;26;10845;100;569;706;153;1291;0;9740;10998;2692;13;13;9065;1780;83;17;507;62;662;44;124;29;544;747;26;10845;100;569;706;153;1291
810;O;AC;A 10;0037;SL.BISTRICA-SL.KONJICE;14821;26;12080;96;561;692;142;1224;0;9110;12230;2591;12;14;10338;1742;80;16;504;57;648;44;120;22;528;696;26;12080;96;561;692;142;1224
809;O;AC;A 10;0038;SL.KONJICE-DRAMLJE;14542;30;11785;101;558;705;135;1228;0;10880;11915;2627;11;19;10016;1769;82;19;506;52;662;43;120;15;518;710;30;11785;101;558;705;135;1228
801;O;AC;A 10;0039;DRAMLJE-CELJE;14859;29;12126;102;571;702;137;1192;0;8440;12260;2599;11;18;10356;1770;82;20;517;54;656;46;121;16;517;675;29;12126;102;571;702;137;1192
808;O;AC;A 10;0040;CELJE-ARJA VAS;12567;31;10711;104;319;377;136;889;0;7153;10239;2328;11;20;8882;1829;82;22;262;57;365;12;121;15;516;373;31;10711;104;319;377;136;889
170;P;AC;A 10;0051;LJ(KOZARJE)-BREZOVICA;37080;68;32680;158;1413;1131;316;1314;0;2300;35147;1933;54;14;31111;1569;144;14;1374;39;1112;19;301;15;1051;263;68;32680;158;1413;1131;316;1314
800;O;AC;A 10;0052;BREZOVICA-VRHNIKA;27840;88;24025;279;1047;566;213;1622;0;12405;21244;6596;44;44;18557;5468;173;106;928;119;524;42;179;34;839;783;88;24025;279;1047;566;213;1622
804;O;AC;A 10;0053;VRHNIKA-LOGATEC;25940;56;22256;275;1016;595;102;1640;0;8285;19475;6465;16;40;16942;5314;168;107;900;116;519;76;70;32;860;780;56;22256;275;1016;595;102;1640
805;O;AC;A 10;0054;LOGATEC-UNEC;23918;50;20158;257;996;634;149;1674;0;10420;17605;6313;12;38;14988;5170;155;102;878;118;558;76;117;32;897;777;50;20158;257;996;634;149;1674
806;O;AC;A 10;0055;UNEC-POSTOJNA;22139;45;18479;254;942;663;160;1596;0;11380;16048;6091;10;35;13534;4945;153;101;807;135;589;74;131;29;824;772;45;18479;254;942;663;160;1596
807;O;AC;A 10;0056;POSTOJNA-RAZDRTO;17272;43;14202;154;701;402;226;1544;0;11140;12933;4339;20;23;10812;3390;87;67;616;85;371;31;163;63;864;680;43;14202;154;701;402;226;1544
812;O;AC;A 10;0057;RAZDRTO - SENOZECE;14273;26;12115;119;524;368;121;1000;0;5450;11532;2741;22;4;9900;2215;90;29;462;62;354;14;97;24;607;393;26;12115;119;524;368;121;1000
812;P;AC;A 10;0058;SENOZECE - R GABRK;12000;22;10187;100;440;310;101;840;0;4385;9695;2305;18;4;8324;1863;76;24;388;52;298;12;81;20;510;330;22;10187;100;440;310;101;840
814;O;AC;A 10;0059;R GABRK - DIVACA ZAHOD;11559;23;9941;105;520;160;140;670;0;2390;9283;2276;19;4;7952;1989;92;13;450;70;140;20;120;20;510;160;23;9941;105;520;160;140;670
813;O;AC;A10-6;0068;DIVACA-SEZANA V;5574;5;4733;57;176;93;139;371;0;7050;4291;1283;3;2;3747;986;42;15;145;31;82;11;112;27;160;211;5;4733;57;176;93;139;371
712;O;AC;A 10;0086;LJ(SMARTINSKA) - LJ(TOMACEVO);24234;28;21376;29;1193;739;278;591;0;2086;23797;437;26;2;21111;265;27;2;1175;18;724;15;271;7;463;128;28;21376;29;1193;739;278;591
172;O;M1; 10;0087;LJ(CRNUCE) - LJ(BRNCICEVA);33688;80;29272;185;1517;999;324;1311;0;1000;31678;2010;63;17;27943;1329;162;23;1458;59;968;31;292;32;792;519;80;29272;185;1517;999;324;1311
172;P;M1; 10;0087;LJ(BRNCICEVA) - LJ(TOMACEVO);35280;84;30656;194;1589;1045;339;1373;1000;2970;33175;2105;66;18;29264;1392;170;24;1527;62;1013;32;306;33;829;544;84;30656;194;1589;1045;339;1373
174;P;AC;A 10;0088;LJ(TOMACEVO) - LJ(DUNAJSKA);56650;272;47528;146;3947;2201;436;2120;0;1140;53608;3042;243;29;45601;1927;116;30;3865;82;2141;60;422;14;1220;900;272;47528;146;3947;2201;436;2120
174;O;AC;A 10;0089;LJ(DUNAJSKA) - LJ(CELOVSKA);48539;233;40724;125;3381;1885;374;1817;0;2650;45933;2606;208;25;39073;1651;99;26;3311;70;1834;51;362;12;1046;771;233;40724;125;3381;1885;374;1817
170;P;AC;A 10;0090;LJ(CELOVSKA) - LJ(KOSEZE);56650;105;49927;241;2158;1729;482;2008;0;1880;53697;2953;83;22;47530;2397;220;21;2099;59;1700;29;459;23;1606;402;105;49927;241;2158;1729;482;2008
808;P;AC;A 10;0139;PRIKLJ.CESTA ZA ZALEC;17325;42;13462;144;856;990;188;1643;0;2320;13639;3686;15;27;10934;2528;114;30;777;79;919;71;167;21;713;930;42;13462;144;856;990;188;1643
659;O;M1;  1;0201;M.P.KORENSKO SEDLO-PODKOREN;3978;30;3924;5;17;2;0;0;0;3650;549;3429;1;29;537;3387;1;4;8;9;2;0;0;0;0;0;30;3924;5;17;2;0;0
659;P;M1;  1;0202;PODKOREN-KR.GORA;7550;57;7447;10;32;4;0;0;0;2550;1042;6508;2;55;1019;6428;2;8;15;17;4;0;0;0;0;0;57;7447;10;32;4;0;0
631;O;M2;  1;0203;KR.GORA-MOJSTRANA-DOVJE;5890;37;5504;118;114;91;13;13;0;12100;4811;1079;5;32;4470;1034;110;8;111;3;90;1;12;1;13;0;37;5504;118;114;91;13;13
631;P;M2;  1;0204;DOVJE-MOJSTRANA-KRAJE;6666;43;6227;134;129;103;15;15;0;2420;5445;1221;6;37;5057;1170;125;9;126;3;102;1;14;1;15;0;43;6227;134;129;103;15;15
631;P;M2;  1;0205;KRAJE-HRUSICA;6666;43;6227;134;129;103;15;15;0;4030;5445;1221;6;37;5057;1170;125;9;126;3;102;1;14;1;15;0;43;6227;134;129;103;15;15
603;P;M1;  1;0206;JAVORNIK-ZIROVNICA;9450;87;8441;243;252;264;44;119;0;5050;8337;1113;39;48;7396;1045;241;2;245;7;264;0;44;0;108;11;87;8441;243;252;264;44;119
603;O;M1;  1;0207;ZIROVNICA-VRBA;4113;38;3673;106;110;115;19;52;0;3300;3628;485;17;21;3218;455;105;1;107;3;115;0;19;0;47;5;38;3673;106;110;115;19;52
1;P;M1;  1;0207;VRBA-LESCE;15155;108;13287;107;601;388;327;337;3300;4970;10353;4802;23;85;8926;4361;45;62;499;102;360;28;263;64;237;100;108;13287;107;601;388;327;337
632;O;M1;  1;0208;LESCE-CRNIVEC;22144;98;19931;291;719;507;237;361;0;6500;18266;3878;43;55;16355;3576;256;35;655;64;484;23;191;46;282;79;98;19931;291;719;507;237;361
50;O;M1;  1;0208;CRNIVEC-PODTABOR;22149;102;19829;265;786;550;240;377;6500;12240;18258;3891;48;54;16250;3579;230;35;714;72;527;23;192;48;297;80;102;19829;265;786;550;240;377
633;O;M1;  1;0209;PODTABOR-KRANJ Z;25761;101;23225;326;956;555;239;359;0;7100;21591;4170;39;62;19353;3872;285;41;866;90;528;27;191;48;329;30;101;23225;326;956;555;239;359
718;O;M1;  1;0209;KRANJ Z-KR(KIDRICEVA);20214;116;17574;390;852;867;181;234;7100;9710;19924;290;115;1;17311;263;387;3;851;1;864;3;173;8;223;11;116;17574;390;852;867;181;234
716;O;M1;  1;0210;KR(ISKRA)-LABORE;22198;129;20064;576;620;579;99;131;0;1450;22015;183;114;15;19902;162;575;1;619;1;579;0;98;1;128;3;129;20064;576;620;579;99;131
625;O;M1;  1;0211;KR(LABORE)-JEPRCA;10590;81;9320;247;416;326;87;113;0;8150;10419;171;61;20;9179;141;246;1;415;1;325;1;84;3;109;4;81;9320;247;416;326;87;113
52;O;M1;  1;0212;JEPRCA-MEDVODE;23259;44;20331;477;1042;539;437;389;0;3650;22774;485;39;5;19920;411;476;1;1028;14;531;8;431;6;349;40;44;20331;477;1042;539;437;389
643;O;M1;  1;0212;MEDVODE-LJ(METALKA);23409;43;20472;479;1047;539;439;390;3650;8000;22927;482;39;4;20060;412;478;1;1034;13;533;6;433;6;350;40;43;20472;479;1047;539;439;390
643;P;M1;  1;0212;LJ(METALKA)-LJ(SENTVID);26565;49;23231;544;1187;612;499;443;8000;8675;26018;547;44;5;22763;468;543;1;1173;14;605;7;492;7;398;45;49;23231;544;1187;612;499;443
725;O;M1;  1;0213;LJ(SENTVID)-LJ(OBVOZNICA);58393;187;54685;830;1032;814;448;397;0;2900;55978;2415;187;0;52356;2329;823;7;1017;15;803;11;415;33;377;20;187;54685;830;1032;814;448;397
720;O;M1;  1;0214;LJ(TRG MDB) - LJ(KARL.MOST);29799;92;28547;299;359;364;87;51;0;2085;29644;155;92;0;28393;154;299;0;359;0;364;0;87;0;50;1;92;28547;299;359;364;87;51
719;O;M1;  1;0215;LJ(KARL.MOST)-MALENCE;30133;76;28696;519;319;366;101;56;0;3400;29948;185;76;0;28512;184;519;0;319;0;366;0;101;0;55;1;76;28696;519;319;366;101;56
6;O;M1;  1;0215;MALENCE-SKOFLJICA;12220;22;11027;247;384;340;75;125;3400;7905;12011;209;21;1;10832;195;246;1;381;3;338;2;75;0;118;7;22;11027;247;384;340;75;125
6;P;M1;  1;0216;SKOFLJICA-SMARJE SAP;3896;7;3516;78;123;109;24;39;0;3000;3830;66;7;0;3454;62;78;0;122;1;108;1;24;0;37;2;7;3516;78;123;109;24;39
601;O;M1;  1;0218;VISNJA G.-IVANCNA GOR.;20934;30;18950;155;695;434;100;570;0;5170;17577;3357;26;4;16080;2870;117;38;590;105;400;34;84;16;280;290;30;18950;155;695;434;100;570
55;P;M1;  1;0219;IVANCNA GORICA-BIC;13640;27;11593;149;662;428;112;669;0;6915;10345;3295;23;4;8836;2757;113;36;533;129;368;60;79;33;393;276;27;11593;149;662;428;112;669
55;O;M1;  1;0220;BIC-TREBNJE;13734;27;11818;149;646;430;92;572;0;10465;10463;3271;23;4;9047;2771;113;36;536;110;370;60;79;13;295;277;27;11818;149;646;430;92;572
634;O;M1;  1;0221;TREBNJE-KARTELJEVO;13424;51;11455;145;680;442;114;537;0;14730;10158;3266;51;0;8652;2803;111;34;571;109;394;48;95;19;284;253;51;11455;145;680;442;114;537
634;P;M1;  1;0222;KARTELJEVO-MACKOVEC;6050;23;5164;65;306;199;51;242;0;4025;4579;1471;23;0;3901;1263;50;15;257;49;177;22;43;8;128;114;23;5164;65;306;199;51;242
634;P;M1;  1;0223;MACKOVEC-OTOCEC;10890;41;9295;118;551;358;92;435;0;4200;8241;2649;41;0;7021;2274;90;28;463;88;319;39;77;15;230;205;41;9295;118;551;358;92;435
602;O;M1;  1;0224;OTOCEC-DOBRUSKA VAS;10670;25;8641;117;706;413;154;614;0;8025;7690;2980;21;4;6092;2549;83;34;611;95;379;34;143;11;361;253;25;8641;117;706;413;154;614
602;P;M1;  1;0225;DOBRUSKA VAS-SMEDNIK;10473;24;8483;114;693;405;152;602;0;6165;7495;2978;20;4;5981;2502;81;33;546;147;372;33;141;11;354;248;24;8483;114;693;405;152;602
602;P;M1;  1;0226;SMEDNIK-DRNOVO;10473;24;8483;114;693;405;152;602;0;7475;7495;2978;20;4;5981;2502;81;33;546;147;372;33;141;11;354;248;24;8483;114;693;405;152;602
58;O;M1;  1;0227;DRNOVO-CATEZ;7357;17;6238;71;330;183;74;444;0;11440;4338;3019;13;4;3606;2632;40;31;231;99;153;30;64;10;231;213;17;6238;71;330;183;74;444
58;P;M1;  1;0228;CATEZ-MOKRICE;5500;13;4715;53;250;138;55;276;0;6955;3249;2251;10;3;2725;1990;30;23;175;75;116;22;48;7;145;131;13;4715;53;250;138;55;276
511;O;M1;  1;0229;MOKRICE-OBREZJE;5592;2;4928;84;133;90;28;327;0;2020;1410;4182;1;1;1130;3798;27;57;64;69;54;36;16;12;118;209;2;4928;84;133;90;28;327
3;P;M2;  1-1;0230;ZVIRCE-PODTABOR;8173;36;7699;26;231;133;18;30;0;2700;6536;1637;16;20;6118;1581;18;8;207;24;131;2;18;0;28;2;36;7699;26;231;133;18;30
3;O;M2;  1-1;0231;BISTRICA(TRZIC)-ZVIRCE;7769;34;7318;24;220;127;17;29;0;3280;6213;1556;15;19;5815;1503;17;7;197;23;125;2;17;0;27;2;34;7318;24;220;127;17;29
660;O;M2;  1-1;0232;M.P.LJUBELJ-BISTRICA;2656;65;2497;48;38;8;0;0;0;12500;1175;1481;14;51;1077;1420;47;1;29;9;8;0;0;0;0;0;65;2497;48;38;8;0;0
658;P;M2;  1-2;0233;RATECE-PODKOREN;3333;19;3283;15;14;1;0;1;0;3050;751;2582;0;19;737;2546;5;10;8;6;0;1;0;0;1;0;19;3283;15;14;1;0;1
658;O;M2;  1-2;0234;M.P.RATECE-RATECE;2805;16;2763;12;12;1;0;1;0;1380;632;2173;0;16;620;2143;4;8;7;5;0;1;0;0;1;0;16;2763;12;12;1;0;1
651;O;M1;  2;0235;M.P.SKOFIJE-SKOFIJE;10001;125;9464;73;115;50;36;138;0;1000;3261;6740;38;87;3023;6441;46;27;60;55;28;22;11;25;55;83;125;9464;73;115;50;36;138
651;P;M1;  2;0235;SKOFIJE-DEKANI;11033;138;10467;80;127;55;13;153;1000;3545;3619;7414;42;96;3361;7106;51;29;66;61;31;24;7;6;61;92;138;10467;80;127;55;13;153
11;P;AC;A 10;0236;DEKANI-BERTOKI;36016;319;33455;229;991;477;180;365;0;2180;28773;7243;222;97;26635;6820;183;46;843;148;458;19;168;12;264;101;319;33455;229;991;477;180;365
11;O;AC;A 10;0237;BERTOKI-SKOCJAN;36359;322;33774;232;1001;481;181;368;0;2500;29047;7312;224;98;26889;6885;185;47;852;149;462;19;169;12;266;102;322;33774;232;1001;481;181;368
12;O;M1;  2;0239;VALETA-SECOVLJE;7563;89;7030;77;176;138;11;42;0;7000;4489;3074;23;66;4135;2895;34;43;134;42;134;4;11;0;18;24;89;7030;77;176;138;11;42
500;O;M1;  2;0239; SECOVLJE-MP SECOVLJE;5381;58;5207;43;41;14;6;12;7000;7280;2221;3160;19;39;2156;3051;13;30;15;26;11;3;3;3;4;8;58;5207;43;41;14;6;12
663;O;M2;  3;0240;M.P.VIC-DRAVOGRAD;3065;17;2964;16;20;19;0;29;0;3590;683;2382;2;15;633;2331;9;7;16;4;10;9;0;0;13;16;17;2964;16;20;19;0;29
60;O;M2;  3;0241;DRAVOGRAD-RADLJE;6519;49;5753;141;206;234;40;96;0;16480;6057;462;43;6;5339;414;139;2;193;13;229;5;38;2;76;20;49;5753;141;206;234;40;96
60;P;M2;  3;0242;RADLJE;7372;56;6508;159;232;265;43;109;0;2350;6739;633;49;7;5927;581;157;2;218;14;259;6;43;0;86;23;56;6508;159;232;265;43;109
605;O;M2;  3;0243;RADLJE-BREZNO;4017;21;3509;79;134;166;24;84;0;9000;3700;317;12;9;3237;272;75;4;128;6;161;5;22;2;65;19;21;3509;79;134;166;24;84
605;P;M2;  3;0244;BREZNO-RUTA;4159;21;3680;77;139;172;25;45;0;9500;3845;314;12;9;3399;281;77;0;132;7;166;6;23;2;36;9;21;3680;77;139;172;25;45
61;P;M2;  3;0245;RUTA-SELNICA;6200;38;5749;70;172;93;16;62;0;10500;6023;177;35;3;5598;151;67;3;168;4;92;1;16;0;47;15;38;5749;70;172;93;16;62
61;O;M2;  3;0245;SELNICA-MB(OTOK);8042;50;7452;91;222;125;23;79;10500;20120;7807;235;46;4;7256;196;87;4;217;5;120;5;21;2;60;19;50;7452;91;222;125;23;79
61;P;M2;  3;0245;MB(OTOK)-MB(KOROSKI MOST);11000;68;10200;125;304;165;29;109;20120;20900;10686;314;62;6;9932;268;119;6;297;7;164;1;29;0;83;26;68;10200;125;304;165;29;109
729;P;M2;  3;0245;MB(KOROSKI MOST)-MB(SLAVIJA);19281;46;17628;565;607;330;49;56;20900;23120;18827;454;46;0;17194;434;563;2;604;3;328;2;49;0;43;13;46;17628;565;607;330;49;56
729;P;M2;  3;0245;MB(GOSPOSVETSKA)-MB(LIMBUSKA;12000;29;10970;352;378;205;31;35;23120;23120;11718;282;29;0;10700;270;351;1;376;2;204;1;31;0;27;8;29;10970;352;378;205;31;35
606;O;M1;  3;0246;MB(TEZNO)-HAJDINA;13934;15;12254;194;540;310;67;554;0;20780;8850;5084;14;1;7736;4518;154;40;382;158;253;57;52;15;259;295;15;12254;194;540;310;67;554
606;P;M2;  3;0247;HAJDINA-PTUJ;20988;23;18219;312;786;452;98;1098;0;2070;13267;7721;21;2;11644;6575;225;87;556;230;368;84;76;22;377;721;23;18219;312;786;452;98;1098
606;P;M2;  3;0248;PTUJ;27984;30;24295;416;1047;601;131;1464;0;980;17692;10292;28;2;15529;8766;300;116;741;306;490;111;101;30;503;961;30;24295;416;1047;601;131;1464
606;P;M2;  3;0249;PTUJ-SPUHLJA;13992;15;12147;208;523;301;65;733;0;3170;8845;5147;14;1;7764;4383;150;58;370;153;245;56;50;15;252;481;15;12147;208;523;301;65;733
62;O;M2;  3;0250;SPUHLJA-ORMOZ;5958;11;4935;80;223;245;68;396;0;19350;4861;1097;5;6;4109;826;78;2;187;36;215;30;52;16;215;181;11;4935;80;223;245;68;396
156;O;M2;  3;0251;ORMOZ-M.P.ORMOZ;1445;0;1419;0;12;14;0;0;0;760;422;1023;0;0;403;1016;0;0;7;5;12;2;0;0;0;0;0;1419;0;12;14;0;0
63;O;M2;  4;0252;KARTELJEVO-NM(BRSLJIN);6301;8;5680;63;301;156;29;64;0;4190;6217;84;7;1;5607;73;63;0;300;1;156;0;29;0;55;9;8;5680;63;301;156;29;64
63;P;M2;  4;0253;NM(BRSLJIN) - NM(KRKA);16050;22;14468;161;766;398;74;161;0;2885;15837;213;19;3;14283;185;161;0;763;3;398;0;74;0;139;22;22;14468;161;766;398;74;161
63;P;M2;  4;0255;NM(KRKA) - NM(IMV);12840;17;11576;129;613;318;59;128;0;1805;12671;169;15;2;11428;148;129;0;611;2;318;0;59;0;111;17;17;11576;129;613;318;59;128
607;O;M2;  4;0256;NM(IMV) - METLIKA;3135;1;2645;81;169;149;26;64;0;26555;2938;197;1;0;2464;181;81;0;163;6;149;0;26;0;54;10;1;2645;81;169;149;26;64
155;O;M2;  4;0258;METLIKA-M.P.METLIKA;2725;0;2626;7;25;34;11;22;0;1480;1096;1629;0;0;1028;1598;1;6;19;6;25;9;10;1;13;9;0;2626;7;25;34;11;22
159;O;M2;  4-1;0259;MACKOVEC-NM(KRKA);13333;31;12003;140;485;364;62;248;0;1710;12817;516;28;3;11562;441;138;2;476;9;359;5;60;2;194;54;31;12003;140;485;364;62;248
117;P;M2;  6;0260;SKOFLJICA;6996;15;6105;116;369;152;133;106;0;520;6850;146;15;0;5965;140;116;0;368;1;151;1;132;1;103;3;15;6105;116;369;152;133;106
117;O;M2;  6;0261;SKOFLJICA-RASICA;6644;14;5798;110;351;144;126;101;0;16450;6501;143;14;0;5665;133;110;0;350;1;143;1;125;1;94;7;14;5798;110;351;144;126;101
410;O;M2;  6;0262;RASICA-ZLEBIC;4325;0;3693;87;189;202;80;74;0;12550;4124;201;0;0;3509;184;87;0;186;3;195;7;80;0;67;7;0;3693;87;189;202;80;74
410;P;M2;  6;0263;ZLEBIC-DOLENJA VAS;4736;0;4049;95;206;219;87;80;0;9490;4627;109;0;0;3958;91;95;0;202;4;212;7;87;0;73;7;0;4049;95;206;219;87;80
619;O;M2;  6;0263;DOLENJA VAS-KOCEVJE;4844;2;4288;103;98;155;137;61;9490;19050;4688;156;2;0;4142;146;101;2;96;2;151;4;137;0;59;2;2;4288;103;98;155;137;61
119;P;M2;  6;0264;KOCEVJE-LIVOLD;2475;21;2288;43;49;18;18;38;0;5900;2392;83;21;0;2205;83;43;0;49;0;18;0;18;0;38;0;21;2288;43;49;18;18;38
119;O;M2;  6;0265;LIVOLD-STALCERJI;1841;15;1703;32;36;13;13;29;0;6200;1777;64;15;0;1641;62;32;0;34;2;13;0;13;0;29;0;15;1703;32;36;13;13;29
507;P;M2;  6;0265;STALCERJI-FARA;586;4;564;16;2;0;0;0;6200;21580;428;158;4;0;406;158;16;0;2;0;0;0;0;0;0;0;4;564;16;2;0;0;0
507;O;M2;  6;0266;FARA-M.P. PETRINA;579;3;557;10;9;0;0;0;0;2560;454;125;3;0;432;125;10;0;9;0;0;0;0;0;0;0;3;557;10;9;0;0;0
664;O;M1; 10;0267;M.P.SENTILJ-SENTILJ;7018;18;5807;11;238;237;72;635;0;1620;3186;3832;2;16;2522;3285;8;3;181;57;197;40;47;25;229;406;18;5807;11;238;237;72;635
628;O;M1; 10;0268;SENTILJ-PESNICA;6720;46;5768;56;289;234;49;278;0;10620;5120;1600;30;16;4360;1408;51;5;271;18;215;19;43;6;150;128;46;5768;56;289;234;49;278
730;O;M1; 10;0270;PESNICA-MB(SLAVIJA);11232;10;10228;310;445;182;37;20;0;4840;10776;456;10;0;9785;443;307;3;437;8;182;0;35;2;20;0;10;10228;310;445;182;37;20
729;O;M1; 10;0271;MB(SLAVIJA)-MB(MOST);33744;80;30848;989;1063;579;86;99;0;440;32948;796;80;0;30089;759;986;3;1057;6;575;4;86;0;75;24;80;30848;989;1063;579;86;99
729;P;M1; 10;0272;MB(MOST)-MB(PTUJSKA);30591;73;27965;897;964;525;78;89;0;1640;29869;722;73;0;27277;688;894;3;958;6;521;4;78;0;68;21;73;27965;897;964;525;78;89
731;O;M1; 10;0273;MB(PTUJSKA)-HOCE;26527;37;22537;324;1049;946;356;1278;0;4640;24328;2199;11;26;20975;1562;308;16;992;57;921;25;348;8;773;505;37;22537;324;1049;946;356;1278
38;O;M2; 10;0274;HOCE-SL.BISTRICA;6450;34;5765;109;291;179;40;32;0;14110;6298;152;32;2;5628;137;108;1;288;3;173;6;39;1;30;2;34;5765;109;291;179;40;32
38;P;M2; 10;0275;SL.BISTRICA-SL.BISTRICA(338);7830;41;7000;132;354;217;48;38;0;2500;7647;183;39;2;6834;166;131;1;350;4;210;7;47;1;36;2;41;7000;132;354;217;48;38
608;P;M2; 10;0276; SL.BISTRICA.(338)-LOZNICA;1985;6;1724;50;115;63;12;15;0;1690;1918;67;6;0;1664;60;50;0;113;2;62;1;12;0;11;4;6;1724;50;115;63;12;15
608;O;M2; 10;0277;LOZNICA-TEPANJE;3498;10;3043;88;201;110;21;25;0;7820;3382;116;10;0;2937;106;88;0;198;3;109;1;21;0;19;6;10;3043;88;201;110;21;25
608;P;M2; 10;0278;TEPANJE-SL.KONJICE(343A);2536;8;2204;64;146;80;15;19;0;3100;2451;85;8;0;2127;77;64;0;144;2;79;1;15;0;14;5;8;2204;64;146;80;15;19
67;P;M2; 10;0279;SL.KONJICE(343A)-S.K.(337);8269;33;7168;216;382;328;90;52;0;815;8154;115;33;0;7066;102;216;0;376;6;327;1;90;0;46;6;33;7168;216;382;328;90;52
67;P;M2; 10;0280;SL.KONJICE(337)-STRANICE;4961;20;4299;130;230;197;54;31;0;5160;4891;70;20;0;4238;61;130;0;226;4;196;1;54;0;27;4;20;4299;130;230;197;54;31
67;O;M2; 10;0281;STRANICE-VISNJA VAS;5705;23;4946;149;263;227;62;35;0;10200;5626;79;23;0;4876;70;149;0;259;4;226;1;62;0;31;4;23;4946;149;263;227;62;35
68;O;M2; 10;0282;VISNJA VAS-CELJE(AC);10481;25;9608;248;303;220;30;47;0;6100;10308;173;22;3;9447;161;248;0;300;3;219;1;30;0;42;5;25;9608;248;303;220;30;47
68;P;M2; 10;0282;CELJE(AC)-CE(10-8);28665;69;26273;678;830;603;83;129;6100;8165;28191;474;60;9;25834;439;678;0;821;9;600;3;83;0;115;14;69;26273;678;830;603;83;129
69;O;M1; 10;0286;CELJE(10-8)-ARJA VAS;21299;32;18962;308;790;762;143;302;0;6560;20811;488;30;2;18542;420;307;1;779;11;757;5;143;0;253;49;32;18962;308;790;762;143;302
69;P;M1; 10;0287;ARJA VAS-ZALEC;16065;24;14300;233;597;575;108;228;0;1550;15695;370;22;2;13983;317;232;1;588;9;571;4;108;0;191;37;24;14300;233;597;575;108;228
609;P;M1; 10;0288;SEMPETER-LATKOVA VAS;21657;59;18772;267;638;747;110;1064;0;591;19536;2121;38;21;17354;1418;249;18;603;35;724;23;87;23;481;583;59;18772;267;638;747;110;1064
609;P;M1; 10;0289;LATKOVA VAS-SENTRUPERT;16243;45;14079;200;478;560;83;798;0;1420;14651;1592;29;16;13015;1064;186;14;452;26;543;17;65;18;361;437;45;14079;200;478;560;83;798
71;P;M1; 10;0290;SENTRUPERT-LOCICA;18312;126;13777;325;1148;1100;131;1705;0;11900;15443;2869;81;45;11831;1946;274;51;1088;60;1079;21;129;2;961;744;126;13777;325;1148;1100;131;1705
71;O;M1; 10;0291;LOCICA-TROJANE;15452;106;11634;263;961;932;128;1428;0;7510;13030;2422;68;38;10004;1630;230;33;911;50;904;28;108;20;805;623;106;11634;263;961;932;128;1428
72;O;M1; 10;0292;TROJANE-ZELODNIK;15358;42;11486;223;967;958;190;1492;0;20610;13106;2252;30;12;10081;1405;197;26;920;47;928;30;170;20;780;712;42;11486;223;967;958;190;1492
610;O;M1; 10;0293;ZELODNIK-DOMZALE;22960;47;18845;296;1058;982;196;1536;0;4285;20688;2272;35;12;17430;1415;269;27;999;59;953;29;176;20;826;710;47;18845;296;1058;982;196;1536
610;P;M1; 10;0294;DOMZALE-TRZIN;22928;47;18818;296;1056;981;196;1534;0;2650;20659;2269;35;12;17405;1413;269;27;997;59;952;29;176;20;825;709;47;18818;296;1056;981;196;1534
73;O;M1; 10;0295;TRZIN-CRNUCE;36849;73;32132;403;1478;1028;206;1529;0;3710;34466;2383;61;12;30599;1533;378;25;1427;51;1004;24;190;16;807;722;73;32132;403;1478;1028;206;1529
171;O;M1; 10;0296;CRNUCE-LJ(JEZICA);17421;142;14837;271;1480;471;96;124;0;2000;17150;271;140;2;14594;243;271;0;1476;4;471;0;92;4;106;18;142;14837;271;1480;471;96;124
726;O;M1; 10;0296;LJ(JEZICA) - LJ(OBVOZNICA);23383;89;20980;724;1146;316;58;70;2000;4020;22948;435;86;3;20575;405;724;0;1139;7;310;6;57;1;57;13;89;20980;724;1146;316;58;70
722;P;M1; 10;0297;LJ(BAV.DVOR)-LJ(DEL.DOM);47250;156;45585;554;440;394;76;45;0;660;46848;402;155;1;45188;397;553;1;437;3;394;0;76;0;45;0;156;45585;554;440;394;76;45
722;O;M1; 10;0298;LJ(DEL.DOM)-LJ(TRG MDB);43115;143;41595;506;402;359;69;41;0;1220;42748;367;142;1;41233;362;505;1;399;3;359;0;69;0;41;0;143;41595;506;402;359;69;41
721;O;M1; 10;0299;LJ(TRG MDB) - LJ(VIC);39827;112;37815;1031;419;376;39;35;0;1590;39475;352;112;0;37463;352;1031;0;419;0;376;0;39;0;35;0;112;37815;1031;419;376;39;35
611;O;M2; 10;0300;BREZOVICA-VRHNIKA;11442;29;9964;288;511;407;77;166;0;13275;11210;232;24;5;9764;200;287;1;504;7;404;3;77;0;150;16;29;9964;288;511;407;77;166
153;O;M2; 10;0301;VRHNIKA-LOGATEC;5215;22;4451;152;283;196;19;92;0;9525;5108;107;19;3;4357;94;150;2;282;1;195;1;19;0;86;6;22;4451;152;283;196;19;92
74;O;M2; 10;0302;LOGATEC-KALCE;4106;24;3497;77;225;159;28;96;0;4390;3983;123;18;6;3392;105;76;1;223;2;158;1;28;0;88;8;24;3497;77;225;159;28;96
74;P;M2; 10;0303;KALCE-PLANINA;1248;7;1063;23;69;48;9;29;0;8470;1211;37;5;2;1031;32;23;0;68;1;48;0;9;0;27;2;7;1063;23;69;48;9;29
612;O;M2; 10;0304;PLANINA-RAVBARKOMANDA;1378;0;1239;5;54;49;16;15;0;7230;1347;31;0;0;1214;25;4;1;53;1;49;0;16;0;11;4;0;1239;5;54;49;16;15
612;P;M2; 10;0305;RAVBARKOMANDA-PO(PTT);1544;0;1388;6;60;55;18;17;0;3000;1509;35;0;0;1360;28;5;1;59;1;55;0;18;0;12;5;0;1388;6;60;55;18;17
612;P;M2; 10;0305;PO(PTT)-PO(M 10-4);12128;0;10909;46;471;434;139;129;3000;4360;11851;277;0;0;10687;222;37;9;462;9;434;0;139;0;92;37;0;10909;46;471;434;139;129
76;O;M2; 10;0306;POSTOJNA-RAZDRTO;4050;28;3435;77;188;160;95;67;0;10980;3824;226;21;7;3232;203;71;6;183;5;157;3;95;0;65;2;28;3435;77;188;160;95;67
22;O;M1; 10;0307;RAZDRTO-SENOZECE;1931;37;1606;40;65;63;73;47;0;6530;1742;189;26;11;1435;171;38;2;62;3;62;1;73;0;46;1;37;1606;40;65;63;73;47
77;O;M1; 10;0308;SENOZECE-DIVACA;1142;23;920;31;49;48;46;25;0;8140;1022;120;12;11;816;104;29;2;48;1;47;1;46;0;24;1;23;920;31;49;48;46;25
77;P;M1; 10;0309;DIVACA-MATAVUN;26160;527;21073;710;1123;1100;1054;573;0;1940;23411;2749;275;252;18691;2382;664;46;1100;23;1077;23;1054;0;550;23;527;21073;710;1123;1100;1054;573
78;O;M1; 10;0310;MATAVUN-KOZINA;13315;39;11786;102;348;243;122;675;0;7360;11110;2205;27;12;9942;1844;88;14;301;47;233;10;90;32;429;246;39;11786;102;348;243;122;675
614;O;M1; 10;0311;KOZINA-KASTELEC;13482;78;11758;115;512;319;125;575;0;8890;10900;2582;50;28;9469;2289;90;25;431;81;303;16;110;15;447;128;78;11758;115;512;319;125;575
614;P;M1; 10;0312;KASTELEC-RIZANA;13424;78;11494;115;583;361;142;651;0;6230;10817;2607;50;28;9215;2279;90;25;488;95;343;18;125;17;506;145;78;11494;115;583;361;142;651
79;O;M1; 10;0313;RIZANA-DEKANI;16211;61;13995;151;688;487;155;674;0;5900;13281;2930;47;14;11359;2636;124;27;614;74;466;21;138;17;533;141;61;13995;151;688;487;155;674
84;O;M1; 10-1;0314;POCEHOVA-LENART;10320;18;8524;191;476;398;74;639;0;14380;9440;880;15;3;7980;544;183;8;443;33;380;18;59;15;380;259;18;8524;191;476;398;74;639
85;O;M1; 10-1;0315;LENART-GORNJA RADGONA;6039;10;4697;149;258;287;78;560;0;17785;5194;845;8;2;4191;506;141;8;226;32;269;18;59;19;300;260;10;4697;149;258;287;78;560
86;P;M1; 10-1;0316;GORNJA RADGONA;9450;25;7926;152;342;260;76;669;0;1750;8120;1330;22;3;7061;865;140;12;309;33;239;21;58;18;291;378;25;7926;152;342;260;76;669
86;P;M1; 10-1;0317;RADENCI-PETANJCI;9450;25;7926;152;342;260;76;669;0;2050;8120;1330;22;3;7061;865;140;12;309;33;239;21;58;18;291;378;25;7926;152;342;260;76;669
623;O;M1; 10-1;0318;PETANJCI-M.SOBOTA;8551;35;7141;130;299;265;91;590;0;9950;7181;1370;32;3;6207;934;122;8;275;24;251;14;71;20;223;367;35;7141;130;299;265;91;590
157;O;M1; 10-1;0319;M.SOBOTA-BRATONCI;10455;19;8896;168;268;292;159;653;0;5500;8932;1523;17;2;7841;1055;160;8;248;20;271;21;138;21;257;396;19;8896;168;268;292;159;653
157;P;M1; 10-1;0320;BRATONCI-BELTINCI;3785;7;3214;60;104;106;58;236;0;2250;3209;576;6;1;2833;381;58;2;97;7;103;3;55;3;57;179;7;3214;60;104;106;58;236
87;O;M1; 10-1;0321;BELTINCI-CRENSOVCI;6389;26;5072;119;226;177;91;678;0;5800;5138;1251;23;3;4301;771;111;8;188;38;156;21;70;21;289;389;26;5072;119;226;177;91;678
88;O;M1; 10-1;0322;CRENSOVCI-LENDAVA;8285;27;6855;91;257;216;90;749;0;14170;6458;1827;24;3;5537;1318;82;9;215;42;188;28;70;20;342;407;27;6855;91;257;216;90;749
89;P;M2; 12-1;0323;LENDAVA;8120;25;6973;59;278;163;179;443;0;1700;4555;3565;11;14;3661;3312;34;25;216;62;146;17;162;17;325;118;25;6973;59;278;163;179;443
141;P;M2; 12-1;0324;LENDAVA-DOLGA VAS;4259;18;3327;4;83;48;43;736;0;2280;1570;2689;9;9;1229;2098;4;0;29;54;29;19;20;23;250;486;18;3327;4;83;48;43;736
141;O;M2; 12-1;0325;DOLGA VAS-DRZAVNA MEJA;3061;12;2315;3;60;35;32;604;0;1870;1141;1920;6;6;881;1434;3;0;21;39;21;14;15;17;194;410;12;2315;3;60;35;32;604
665;O;M2; 10-2;0327;G.RADGONA-M.P.G.RADGONA;3973;4;3773;10;56;16;1;113;0;970;1737;2236;4;0;1654;2119;4;6;25;31;8;8;1;0;41;72;4;3773;10;56;16;1;113
90;P;M2; 10-3;0328;CE(M10)-CE(POLULE);15624;46;13772;113;553;601;166;373;0;2000;15339;285;45;1;13516;256;113;0;543;10;601;0;166;0;355;18;46;13772;113;553;601;166;373
90;O;M2; 10-3;0328;CE(POLULE)-SMARJETA;11231;33;9894;81;397;439;119;268;2000;17325;11019;212;32;1;9710;184;81;0;390;7;432;7;119;0;255;13;33;9894;81;397;439;119;268
91;O;M2; 10-3;0329;SMARJETA-RIMSKE TOPLICE;4744;9;3964;32;284;320;54;81;0;1050;4556;188;9;0;3803;161;32;0;277;7;313;7;54;0;68;13;9;3964;32;284;320;54;81
91;P;M2; 10-3;0330;RIM.TOPLICE-ZIDANI MOST;4851;9;4054;33;290;340;55;70;0;6750;4665;186;9;0;3890;164;33;0;277;13;333;7;53;2;70;0;9;4054;33;290;340;55;70
92;O;M2; 10-3;0331;ZIDANI MOST-RADECE;5529;16;4918;50;232;215;19;79;0;2815;5341;188;16;0;4761;157;46;4;225;7;211;4;19;0;63;16;16;4918;50;232;215;19;79
92;P;M2; 10-3;0332;RADECE-BOSTANJ;4943;14;4397;45;208;192;17;70;0;11270;4773;170;14;0;4256;141;41;4;201;7;188;4;17;0;56;14;14;4397;45;208;192;17;70
630;P;M2; 10-3;0333;BOSTANJ-SEVNICA;4112;9;3499;58;192;197;86;71;0;790;3925;187;9;0;3338;161;54;4;184;8;186;11;85;1;69;2;9;3499;58;192;197;86;71
630;O;M2; 10-3;0334;SEVNICA-IMPOLJCA;3742;8;3184;53;175;179;79;64;0;4490;3572;170;8;0;3038;146;49;4;168;7;169;10;78;1;62;2;8;3184;53;175;179;79;64
630;P;M2; 10-3;0335;IMPOLJCA-BRESTANICA;4018;9;3418;57;188;193;84;69;0;9790;3835;183;9;0;3261;157;53;4;180;8;182;11;83;1;67;2;9;3418;57;188;193;84;69
95;O;M2; 10-3;0336;KRSKO-DRNOVO;7104;17;6129;43;355;254;138;168;0;4630;6788;316;17;0;5857;272;41;2;334;21;251;3;137;1;151;17;17;6129;43;355;254;138;168
95;P;M2; 10-3;0337;DRNOVO;7104;17;6129;43;355;254;138;168;0;540;6788;316;17;0;5857;272;41;2;334;21;251;3;137;1;151;17;17;6129;43;355;254;138;168
82;O;M1; 10-4;0338;POSTOJNA-PIVKA;9576;36;8639;96;310;209;68;218;0;10260;7496;2080;18;18;6713;1926;61;35;266;44;201;8;56;12;181;37;36;8639;96;310;209;68;218
615;O;M1; 10-4;0339;PIVKA-RIBNICA;4266;43;3701;54;129;94;48;197;0;9945;2245;2021;6;37;1834;1867;20;34;92;37;86;8;40;8;167;30;43;3701;54;129;94;48;197
615;P;M1; 10-4;0340;RIBNICA-PREM;4007;41;3476;51;121;88;45;185;0;4215;2107;1900;6;35;1722;1754;19;32;86;35;80;8;37;8;157;28;41;3476;51;121;88;45;185
615;P;M1; 10-4;0341;PREM-IL.BISTRICA;4007;41;3476;51;121;88;45;185;0;6210;2107;1900;6;35;1722;1754;19;32;86;35;80;8;37;8;157;28;41;3476;51;121;88;45;185
83;P;M1; 10-4;0342;IL.BISTRICA;5512;69;5006;69;124;65;33;146;0;1262;2574;2938;8;61;2311;2695;20;49;63;61;52;13;24;9;96;50;69;5006;69;124;65;33;146
83;O;M1; 10-4;0343;IL.BISTRICA-JELSANE;4993;61;4542;62;110;58;29;131;0;8500;2212;2781;7;54;1936;2606;31;31;70;40;46;12;21;8;101;30;61;4542;62;110;58;29;131
504;O;M1; 10-4;0343;JELSANE - MP JELSANE;4087;35;3787;42;62;26;14;121;8500;10000;1360;2727;8;27;1204;2583;11;31;22;40;15;11;9;5;91;30;35;3787;42;62;26;14;121
644;O;M1; 10-5;0344;RAZDRTO-MANCE;5131;17;3736;54;261;192;122;749;0;13580;4459;672;10;7;3404;332;53;1;250;11;183;9;103;19;456;293;17;3736;54;261;192;122;749
624;O;M1; 10-5;0345;MANCE-AJDOVSCINA;10470;43;8692;96;393;335;141;770;0;8910;9758;712;32;11;8328;364;91;5;382;11;326;9;121;20;478;292;43;8692;96;393;335;141;770
209;P;M1; 10-5;0346;AJDOVSCINA-SELO(zac HC);11783;72;10522;53;427;271;114;324;0;9400;11327;456;55;17;10132;390;51;2;419;8;271;0;111;3;288;36;72;10522;53;427;271;114;324
209;P;M1; 10-5;0346;SELO(zac. HC)-SELO(priklj.);1200;8;1071;5;44;28;11;33;9400;9940;1153;47;6;2;1031;40;5;0;43;1;28;0;11;0;29;4;8;1071;5;44;28;11;33
81;O;M1; 10-5;0347;SELO(priklj)-TRI HISE;3400;13;3080;68;150;89;0;0;0;8600;3086;314;10;3;2780;300;66;2;145;5;85;4;0;0;0;0;13;3080;68;150;89;0;0
81;P;M1; 10-5;0347;AJSEVICA - NOVA GORICA;1500;5;1359;30;66;40;0;0;10600;15480;1362;138;4;1;1227;132;29;1;64;2;38;2;0;0;0;0;5;1359;30;66;40;0;0
209;P;M1; 10-5;0347;TRI HISE-AJSEVICA;5800;35;5179;26;210;133;57;160;8600;10600;5575;225;27;8;4987;192;25;1;206;4;133;0;55;2;142;18;35;5179;26;210;133;57;160
654;O;M1; 10-5;0348;N.GORICA-M.P.ROZNA DOLINA;7317;53;7219;16;29;0;0;0;0;130;2436;4881;14;39;2393;4826;14;2;15;14;0;0;0;0;0;0;53;7219;16;29;0;0;0
613;O;M1; 10-6;0349;SENOZECE-SEZANA;2782;12;2513;25;107;62;33;30;0;14310;2583;199;10;2;2326;187;25;0;106;1;61;1;33;0;22;8;12;2513;25;107;62;33;30
653;P;M1; 10-6;0350;SEZANA-FERNETICI;7501;33;6571;93;142;84;115;463;0;2500;3126;4375;8;25;2825;3746;35;58;74;68;45;39;32;83;107;356;33;6571;93;142;84;115;463
653;O;M1; 10-6;0350;FERNETICI-M.P.FERNETICI;6842;33;6474;93;242;0;0;0;2500;3485;2973;3869;8;25;2726;3748;35;58;204;38;0;0;0;0;0;0;33;6474;93;242;0;0;0
629;P;M1; 11;0351;JUROVCI-ZAKL;6042;24;5501;52;131;111;31;192;0;4200;1887;4155;11;13;1672;3829;19;33;48;83;65;46;15;16;57;135;24;5501;52;131;111;31;192
518;O;M1; 11;0351;ZAKL - MP GRUSKOVJE;5429;37;4928;54;158;50;2;200;4200;10920;757;4672;2;35;669;4259;16;38;22;136;13;37;0;2;35;165;37;4928;54;158;50;2;200
629;P;M1; 11;0352;HAJDINA-JUROVCI;6360;25;5791;54;138;117;33;202;0;6040;1986;4374;11;14;1760;4031;20;34;51;87;68;49;16;17;60;142;25;5791;54;138;117;33;202
652;O;M1; 12;0353;KOZINA-M.P.KRVAVI POTOK;4615;32;4294;67;63;41;16;102;0;3225;1019;3596;5;27;907;3387;11;56;34;29;20;21;10;6;32;70;32;4294;67;63;41;16;102
604;O;M1; 12;0354;OBROV-KOZINA;6327;31;5737;92;145;76;30;216;0;14500;3220;3107;11;20;2884;2853;43;49;93;52;63;13;22;8;104;112;31;5737;92;145;76;30;216
503;P;M1; 12;0355;PODGRAD-OBROV;4800;61;4334;64;83;32;31;195;0;5900;971;3829;8;53;847;3487;11;53;25;58;14;18;11;20;55;140;61;4334;64;83;32;31;195
503;O;M1; 12;0356;STAROD-PODGRAD;3831;49;3461;50;66;25;24;156;0;6500;776;3055;7;42;678;2783;8;42;20;46;11;14;8;16;44;112;49;3461;50;66;25;24;156
143;O;M2; 12-1;0357;MEJA RH-PETISOVCI;2348;7;2208;20;42;9;16;46;0;1000;457;1891;7;0;401;1807;11;9;20;22;3;6;10;6;5;41;7;2208;20;42;9;16;46
89;O;M2; 12-1;0357;PETISOVCI-LENDAVA;2912;9;2503;21;99;58;64;158;1000;4135;1022;1890;4;5;703;1800;12;9;77;22;52;6;58;6;116;42;9;2503;21;99;58;64;158
173;O;M1; 10;0358;LJ(VIC) - LJ(DOLGI MOST);36350;83;34710;504;265;709;25;54;0;1700;35495;855;83;0;33884;826;495;9;265;0;694;15;25;0;49;5;83;34710;504;265;709;25;54
165;O;M1; 10;0358;LJ(DOLGI MOST)-AC BREZOVICA;14637;92;13391;331;576;188;40;19;1700;2700;14486;151;88;4;13246;145;330;1;575;1;188;0;40;0;19;0;92;13391;331;576;188;40;19
165;P;M1; 10;0358;AC BREZOVICA-BREZOVICA;19950;126;18253;450;785;256;54;26;2700;3730;19744;206;120;6;18055;198;449;1;784;1;256;0;54;0;26;0;126;18253;450;785;256;54;26
717;O;M1;  1;0359;KR(KIDRICEVA)-KR(ISKRA);16136;57;14467;158;632;514;120;188;0;1500;16019;117;53;4;14366;101;157;1;631;1;513;1;116;4;183;5;57;14467;158;632;514;120;188
92;P;M2; 10-3;0360;RADECE;5618;16;4997;51;236;218;20;80;0;520;5426;192;16;0;4837;160;47;4;228;8;214;4;20;0;64;16;16;4997;51;236;218;20;80
630;P;M2; 10-3;0361;BRESTANICA-KRSKO;4672;10;3978;65;218;223;98;80;0;3900;4461;211;10;0;3795;183;61;4;209;9;211;12;97;1;78;2;10;3978;65;218;223;98;80
629;P;M1; 11;0362;JUROVCI;6228;25;5668;54;135;115;33;198;0;1000;1944;4284;11;14;1721;3947;20;34;50;85;67;48;16;17;59;139;25;5668;54;135;115;33;198
83;P;M1; 10-4;0363;IL.BISTRICA;6615;82;6008;83;148;78;39;177;0;1470;3087;3528;9;73;2773;3235;24;59;75;73;62;16;28;11;116;61;82;6008;83;148;78;39;177
81;P;M1; 10-5;0365;NOVA GORICA;10070;39;9122;201;444;264;0;0;0;690;9139;931;30;9;8233;889;195;6;429;15;252;12;0;0;0;0;39;9122;201;444;264;0;0
86;O;M1; 10-1;0366;GORNJA RADGONA-RADENCI;11038;29;9258;178;399;304;89;781;0;5640;9486;1552;26;3;8248;1010;164;14;361;38;279;25;68;21;340;441;29;9258;178;399;304;89;781
609;O;M1; 10;0367;ZALEC-SEMPETER;27296;74;23661;336;804;941;138;1342;0;5790;24623;2673;48;26;21873;1788;313;23;760;44;913;28;109;29;607;735;74;23661;336;804;941;138;1342
631;P;M2;  1;0368;HRUSICA-JESENICE;7222;46;6748;145;140;111;16;16;0;3000;5898;1324;6;40;5480;1268;135;10;136;4;110;1;15;1;16;0;46;6748;145;140;111;16;16
603;P;M2;  1;0368;JESENICE-JAVORNIK;12650;116;11302;325;337;353;58;159;3000;6370;11160;1490;52;64;9903;1399;322;3;328;9;353;0;58;0;144;15;116;11302;325;337;353;58;159
88;P;M1; 10-1;0369;CRENSOVCI;6030;19;4989;67;187;157;66;545;0;420;4700;1330;17;2;4030;959;60;7;156;31;137;20;51;15;249;296;19;4989;67;187;157;66;545
727;O;M1; 10;0370;LJ(OBVOZNICA)-LJ(BAV.DVOR);35109;145;32131;859;1605;252;42;75;0;2730;34347;762;144;1;31386;745;858;1;1596;9;250;2;42;0;71;4;145;32131;859;1605;252;42;75
724;O;M1;  1;0371;LJ(OBVOZNICA) - LJ(DRENIKOVA);43641;95;40785;1939;395;317;65;45;0;1500;43265;376;95;0;40409;376;1939;0;395;0;317;0;65;0;45;0;95;40785;1939;395;317;65;45
723;O;M1;  1;0371;LJ(DRENIKOVA) - LJ(DEL.DOM);41103;126;38740;1734;261;178;23;41;1500;2960;40525;578;126;0;38167;573;1731;3;261;0;178;0;23;0;39;2;126;38740;1734;261;178;23;41
653;B;M1;A10-6;0372;KAMIONSKA C. FERNETCI;664;0;0;0;0;84;115;465;0;1012;399;265;0;0;0;0;0;0;0;0;72;12;82;33;245;220;0;0;0;0;84;115;465
13;O;M1;  2;0373;RUDA(IZOLA)-VALETA;15331;181;14491;71;364;145;34;45;0;8440;11633;3698;103;78;10993;3498;38;33;295;69;140;5;30;4;34;11;181;14491;71;364;145;34;45
209;P;M1; 10-7;0376;SELO(zac. HC)-SELO(priklj.);10530;64;9403;47;383;242;102;289;0;660;10122;408;49;15;9054;349;46;1;375;8;242;0;99;3;257;32;64;9403;47;383;242;102;289
812;P;M1; 10-7;0378;SELO(PRIKL)-VOGRSKO;5443;10;4620;45;200;140;46;382;0;6730;4397;1046;8;2;3775;845;34;11;176;24;135;5;37;9;232;150;10;4620;45;200;140;46;382
815;O;M1; 10-7;0379;VOGRSKO-N.GORICA(priklj.);2982;0;2425;2;84;52;3;416;0;4780;2327;655;0;0;2074;351;1;1;68;16;42;10;3;0;139;277;0;2425;2;84;52;3;416
671;O;M1; 10-7;0380;NG(PRIKLJ)-MP VRTOJBA;9800;37;8522;15;219;251;30;726;0;2200;2418;7382;8;29;1671;6851;8;7;182;37;166;85;16;14;367;359;37;8522;15;219;251;30;726
211;P;R2;300;1001;RATECE-PLANICA;158;9;143;2;1;2;1;0;0;2000;142;16;7;2;129;14;2;0;1;0;2;0;1;0;0;0;9;143;2;1;2;1;0
657;O;R1;301;1002;M.P.PREDEL-BOVEC;137;4;133;0;0;0;0;0;0;15000;59;78;0;4;59;74;0;0;0;0;0;0;0;0;0;0;4;133;0;0;0;0;0
96;P;R1;301;1003;BOVEC-ZAGA;2000;37;1721;52;106;49;13;22;0;9750;1786;214;22;15;1527;194;47;5;106;0;49;0;13;0;22;0;37;1721;52;106;49;13;22
96;O;R1;301;1004;ZAGA-KOBARID;1188;22;1022;31;63;29;8;13;0;13500;1061;127;13;9;907;115;28;3;63;0;29;0;8;0;13;0;22;1022;31;63;29;8;13
97;P;M2; 10-10;1005;KOBARID-IDRSKO;3500;10;3079;57;168;79;32;75;0;2200;3238;262;10;0;2850;229;56;1;167;1;79;0;32;0;44;31;10;3079;57;168;79;32;75
97;O;M2; 10-10;1006;IDRSKO-PRSETI;2386;7;2098;39;115;54;22;51;0;11670;2227;159;7;0;1942;156;38;1;114;1;54;0;22;0;50;1;7;2098;39;115;54;22;51
616;P;R1;301;1007;PERSETI-USNIK;2977;87;2543;31;104;102;34;76;0;4080;2619;358;32;55;2254;289;30;1;91;13;102;0;34;0;76;0;87;2543;31;104;102;34;76
616;O;R1;301;1008;USNIK-PLAVE;3044;89;2600;31;107;105;35;77;0;20230;2677;367;32;57;2305;295;30;1;93;14;105;0;35;0;77;0;89;2600;31;107;105;35;77
99;O;R1;301;1009;PLAVE-SOLKAN;6526;39;5836;62;327;146;56;60;0;10070;6120;406;32;7;5448;388;62;0;319;8;145;1;56;0;58;2;39;5836;62;327;146;56;60
203;P;R1;301;1010;SOLKAN-NOVA GORICA;13130;58;12069;96;502;225;87;93;0;5192;12508;622;47;11;11476;593;96;0;489;13;223;2;87;0;90;3;58;12069;96;502;225;87;93
203;O;R1;301;1012;SEMPETER-DORNBERK;8403;37;7724;62;321;143;56;60;0;8343;8005;398;30;7;7344;380;62;0;313;8;142;1;56;0;58;2;37;7724;62;321;143;56;60
204;O;R1;301;1013;DORNBERK-STANJEL;3599;23;3194;16;145;95;65;61;0;13185;3461;138;11;12;3069;125;16;0;145;0;94;1;65;0;61;0;23;3194;16;145;95;65;61
205;P;R1;301;1014;STANJEL-DUTOVLJE;2778;39;2474;21;111;33;42;58;0;7820;2607;171;26;13;2323;151;20;1;107;4;33;0;41;1;57;1;39;2474;21;111;33;42;58
205;O;R1;301;1015;DUTOVLJE-SEZANA;3163;44;2820;23;126;37;47;66;0;7890;2969;194;29;15;2648;172;22;1;122;4;37;0;46;1;65;1;44;2820;23;126;37;47;66
206;O;R1;301;1016;SEZANA-DIVACA;2900;35;2688;26;70;33;12;36;0;10130;2654;246;34;1;2460;228;26;0;60;10;31;2;12;0;31;5;35;2688;26;70;33;12;36
207;O;R2;301;1018;MATAVUN-VREME;1347;7;1184;7;48;34;53;14;0;7600;1191;156;3;4;1039;145;7;0;45;3;32;2;53;0;12;2;7;1184;7;48;34;53;14
210;O;R2;301;1018;VREME-RIBNICA;1179;5;1035;10;47;28;9;45;7600;17338;955;224;3;2;826;209;9;1;41;6;27;1;8;1;41;4;5;1035;10;47;28;9;45
211;P;R2;301 A;1019;STRMEC-MANGART;63;4;57;1;0;1;0;0;0;11980;56;7;3;1;51;6;1;0;0;0;1;0;0;0;0;0;4;57;1;0;1;0;0
551;O;R2;301 B;1020;ZAGA-UCJA;211;0;211;0;0;0;0;0;0;7340;17;194;0;0;17;194;0;0;0;0;0;0;0;0;0;0;0;211;0;0;0;0;0
211;P;R2;301 C;1021;IDRSKO-LIVEK;64;4;58;1;0;1;0;0;0;6960;57;7;3;1;52;6;1;0;0;0;1;0;0;0;0;0;4;58;1;0;1;0;0
208;O;R1;301 F;1024;DORNBERK-SELO;2252;7;2002;21;94;78;21;29;0;5150;2161;91;3;4;1924;78;21;0;92;2;76;2;19;2;26;3;7;2002;21;94;78;21;29
419;O;R2;301 G;1025;DUTOVLJE-REPENTABOR;1641;17;1535;16;39;17;13;4;0;5365;1521;120;16;1;1418;117;16;0;37;2;17;0;13;0;4;0;17;1535;16;39;17;13;4
418;O;R1;301 H;1026;DIVACA-LOKEV-LIPICA;3536;26;3485;1;22;2;0;0;0;8710;473;3063;5;21;458;3027;0;1;8;14;2;0;0;0;0;0;26;3485;1;22;2;0;0
211;P;R2;302;1027;KR.GORA-VRSIC;486;26;445;5;3;5;2;0;0;12570;438;48;21;5;402;43;5;0;3;0;5;0;2;0;0;0;26;445;5;3;5;2;0
211;P;R2;302;1028;VRSIC-TRENTA;336;17;309;3;2;3;2;0;0;8960;303;33;14;3;279;30;3;0;2;0;3;0;2;0;0;0;17;309;3;2;3;2;0
211;O;R2;302;1029;TRENTA-BOVEC;439;23;403;4;3;4;2;0;0;22600;396;43;19;4;364;39;4;0;3;0;4;0;2;0;0;0;23;403;4;3;4;2;0
212;O;M2; 10-10;1030;STARO SELO-KOBARID;2787;10;2720;8;41;4;0;4;0;3280;1240;1547;5;5;1186;1534;8;0;37;4;4;0;0;0;0;4;10;2720;8;41;4;0;4
655;O;M2; 10-10;1031;M.P.ROBIC-STARO SELO;1802;0;1779;7;8;8;0;0;0;5550;517;1285;0;0;494;1285;7;0;8;0;8;0;0;0;0;0;0;1779;7;8;8;0;0
93;O;R2;303 A;1032;STARO SELO-BREGINJ;795;1;752;8;20;8;5;1;0;16550;767;28;1;0;724;28;8;0;20;0;8;0;5;0;1;0;1;752;8;20;8;5;1
100;O;M2; 10-10;1033;GODOVIC-KALCE;2835;5;2433;41;144;119;28;65;0;11233;2784;51;3;2;2394;39;41;0;142;2;119;0;26;2;59;6;5;2433;41;144;119;28;65
617;O;M2; 10-10;1034;SP. IDRIJA-GODOVIC;3565;15;3139;58;176;102;27;48;0;13460;3505;60;8;7;3093;46;58;0;174;2;102;0;27;0;43;5;15;3139;58;176;102;27;48
617;P;M2; 10-10;1035;SPODNJA IDRIJA;2059;8;1815;34;102;59;16;25;0;1900;2027;32;4;4;1788;27;34;0;101;1;59;0;16;0;25;0;8;1815;34;102;59;16;25
447;O;M2; 10-10;1036;ZELIN-SPODNJA IDRIJA;2092;10;1745;63;121;89;38;26;0;11300;2060;32;7;3;1721;24;63;0;120;1;89;0;38;0;22;4;10;1745;63;121;89;38;26
440;O;M2; 10-10;1037;DOL TREBUSA-ZELIN;1673;14;1364;50;109;80;34;22;0;13300;1646;27;10;4;1345;19;47;3;108;1;80;0;34;0;22;0;14;1364;50;109;80;34;22
104;O;M2; 10-10;1038;BACA-DOL. TREBUSA;2518;46;2146;61;128;70;34;33;0;8500;2408;110;26;20;2062;84;60;1;128;0;70;0;34;0;28;5;46;2146;61;128;70;34;33
404;P;M2; 10-10;1039;MOST NA SOCI-BACA;3785;119;3347;76;106;76;34;27;0;2130;3557;228;38;81;3204;143;73;3;106;0;76;0;34;0;26;1;119;3347;76;106;76;34;27
404;O;M2; 10-10;1040;PERSETI-MOST NA SOCI;4025;126;3562;80;112;80;36;29;0;7600;3783;242;40;86;3410;152;77;3;112;0;80;0;36;0;28;1;126;3562;80;112;80;36;29
93;P;R2;304 A;1041;MOST NA SOCI-USNIK;600;1;567;6;15;6;4;1;0;4150;579;21;1;0;546;21;6;0;15;0;6;0;4;0;1;0;1;567;6;15;6;4;1
213;O;R2;305;1042;PLAVE-GONJACE;500;3;436;5;22;21;13;0;0;6100;482;18;3;0;418;18;5;0;22;0;21;0;13;0;0;0;3;436;5;22;21;13;0
550;P;R2;305;1042;GONJACE-DOBROVO;384;2;354;2;14;7;1;4;6100;10800;362;22;2;0;332;22;2;0;14;0;7;0;1;0;4;0;2;354;2;14;7;1;4
550;P;R2;305 C;1045;DOBROVO-NEBLO;382;2;352;2;14;7;1;4;0;2700;361;21;2;0;331;21;2;0;14;0;7;0;1;0;4;0;2;352;2;14;7;1;4
550;O;R2;305 C;1045;NEBLO-M.P. NEBLO;2744;11;2524;17;103;52;10;27;2700;4820;2586;158;11;0;2370;154;17;0;100;3;51;1;10;0;27;0;11;2524;17;103;52;10;27
214;O;R2;306;1046;SEMPETER-MIREN;6520;23;6027;39;202;127;60;42;0;5465;6257;263;23;0;5780;247;37;2;198;4;124;3;60;0;35;7;23;6027;39;202;127;60;42
214;P;R2;306;1047;MIREN-OPATJE SELO;642;2;595;4;19;12;6;4;0;7925;617;25;2;0;571;24;4;0;19;0;12;0;6;0;3;1;2;595;4;19;12;6;4
215;O;R2;306;1048;OPATJE SELO-KOMEN;467;9;423;6;21;5;3;0;0;14885;451;16;9;0;407;16;6;0;21;0;5;0;3;0;0;0;9;423;6;21;5;3;0
216;O;R2;306;1049;KOMEN-STANJEL;785;17;663;20;45;22;8;10;0;8815;751;34;17;0;630;33;19;1;45;0;22;0;8;0;10;0;17;663;20;45;22;8;10
217;O;R2;306;1050;STANJEL-MANCE;845;15;783;2;27;10;4;4;0;11750;777;68;15;0;715;68;2;0;27;0;10;0;4;0;4;0;15;783;2;27;10;4;4
218;O;R2;306 E;1054;KOMEN-GORJANSKO;932;5;856;8;36;12;14;1;0;3170;849;83;4;1;777;79;8;0;33;3;12;0;14;0;1;0;5;856;8;36;12;14;1
218;P;R2;306 E;1055;GORJANSKO-ZEKENC;255;1;235;2;10;3;4;0;0;2990;232;23;1;0;213;22;2;0;9;1;3;0;4;0;0;0;1;235;2;10;3;4;0
422;O;R2;306 D;1056;GORJANSKO-KLARICI;327;5;291;5;20;6;0;0;0;10185;301;26;5;0;265;26;5;0;20;0;6;0;0;0;0;0;5;291;5;20;6;0;0
105;O;R1;308;1057;GODOVIC-CRNI VRH;1668;3;1455;24;88;55;12;31;0;7030;1630;38;3;0;1420;35;24;0;87;1;54;1;12;0;30;1;3;1455;24;88;55;12;31
105;P;R1;308;1058;CRNI VRH-COL;1714;3;1496;24;90;56;13;32;0;9500;1675;39;3;0;1460;36;24;0;89;1;55;1;13;0;31;1;3;1496;24;90;56;13;32
151;P;R1;309;1059;AVER-GRACISCE;1892;18;1750;19;69;36;0;0;0;8750;753;1139;4;14;678;1072;13;6;33;36;25;11;0;0;0;0;18;1750;19;69;36;0;0
151;O;R1;309;1060;GRACISCE-SOCERGA;2130;17;2033;17;32;31;0;0;0;5000;820;1310;4;13;753;1280;10;7;30;2;23;8;0;0;0;0;17;2033;17;32;31;0;0
502;O;R1;309;1060;SOCERGA - MP  SOCERGA;1974;7;1936;13;4;14;0;0;5000;8600;675;1299;3;4;658;1278;6;7;2;2;6;8;0;0;0;0;7;1936;13;4;14;0;0
221;O;R2;310;1061;BERTOKI-CEZARJI;4379;23;4109;21;111;107;6;2;0;4000;4200;179;23;0;3931;178;21;0;111;0;106;1;6;0;2;0;23;4109;21;111;107;6;2
221;P;R2;310;1061;CEZARJE-GRACISCE;440;2;413;2;11;11;1;0;4000;14300;422;18;2;0;395;18;2;0;11;0;11;0;1;0;0;0;2;413;2;11;11;1;0
150;O;R1;311;1062;KOPER-SMARJE;6245;100;5783;31;154;97;22;58;0;6000;2045;4200;20;80;1842;3941;7;24;57;97;77;20;21;1;21;37;100;5783;31;154;97;22;58
150;P;R1;311;1062;SMARJE-DRAGONJA;6000;96;5556;30;148;93;21;56;6000;13650;1965;4035;19;77;1770;3786;7;23;55;93;74;19;20;1;20;36;96;5556;30;148;93;21;56
14;O;R1;311;1062;DRAGONJA-MP DRAGONJA;5355;34;5181;14;60;18;9;39;13650;14530;1131;4224;9;25;1091;4090;1;13;10;50;8;10;2;7;10;29;34;5181;14;60;18;9;39
223;O;R2;312;1063;COL-PREDMEJA;420;5;405;0;5;5;0;0;0;14860;349;71;5;0;334;71;0;0;5;0;5;0;0;0;0;0;5;405;0;5;5;0;0
224;P;R2;312;1064;PREDMEJA-LOKVE;318;0;306;0;0;6;0;6;0;11520;294;24;0;0;282;24;0;0;0;0;6;0;0;0;6;0;0;306;0;0;6;0;6
224;O;R2;312;1065;LOKVE-CEPOVAN;106;0;102;0;0;2;0;2;0;5530;98;8;0;0;94;8;0;0;0;0;2;0;0;0;2;0;0;102;0;0;2;0;2
224;P;R2;312;1066;CEPOVAN-MOST NA SOCI;75;0;73;0;0;1;0;1;0;13220;69;6;0;0;67;6;0;0;0;0;1;0;0;0;1;0;0;73;0;0;1;0;1
225;O;R2;312 A;1067;SOLKAN-LOKVE;828;15;760;4;29;15;5;0;0;19400;774;54;15;0;706;54;4;0;29;0;15;0;5;0;0;0;15;760;4;29;15;5;0
449;O;R2;312 B;1068;CEPOVAN-DOL.TREBUSA;46;4;34;0;4;0;4;0;0;11040;39;7;0;4;31;3;0;0;4;0;0;0;4;0;0;0;4;34;0;4;0;4;0
226;O;R2;313;1069;PREM-OBROV;269;5;249;3;7;5;0;0;0;18696;254;15;5;0;234;15;3;0;7;0;5;0;0;0;0;0;5;249;3;7;5;0;0
226;P;R2;313;1070;OBROV-GOLAC;120;2;112;1;3;2;0;0;0;8650;113;7;2;0;105;7;1;0;3;0;2;0;0;0;0;0;2;112;1;3;2;0;0
108;O;R1;314;1071;BACA-KNEZA;840;9;753;15;20;26;15;2;0;6000;797;43;2;7;717;36;15;0;20;0;26;0;15;0;2;0;9;753;15;20;26;15;2
108;P;R1;314;1072;KNEZA-PODBRDO;788;9;706;14;19;24;14;2;0;15950;747;41;2;7;672;34;14;0;19;0;24;0;14;0;2;0;9;706;14;19;24;14;2
108;P;R1;314;1073;PODBRDO-PETROVO BRDO;116;1;104;2;3;4;2;0;0;4400;110;6;0;1;99;5;2;0;3;0;4;0;2;0;0;0;1;104;2;3;4;2;0
108;P;R1;314;1074;PETROVO BRDO-PODROST;116;1;104;2;3;4;2;0;0;8100;110;6;0;1;99;5;2;0;3;0;4;0;2;0;0;0;1;104;2;3;4;2;0
618;P;R1;314;1075;PODROST-ZALI LOG;519;2;464;8;18;16;7;4;0;5000;513;6;1;1;459;5;8;0;18;0;16;0;7;0;4;0;2;464;8;18;16;7;4
618;P;R1;314;1075;ZALI LOG-CESNJICA;875;3;782;13;30;28;12;7;5000;10000;864;11;1;2;773;9;13;0;30;0;28;0;12;0;7;0;3;782;13;30;28;12;7
618;O;R1;314;1076;CESNJICA-SKOFJA LOKA(PETROL);4180;15;3743;60;143;132;55;32;0;15700;4131;49;7;8;3702;41;60;0;143;0;132;0;55;0;32;0;15;3743;60;143;132;55;32
106;P;R1;314;1077;S. L.(PETROL)-S.L.(STARI DVOR);13650;22;12242;141;581;426;74;164;0;930;13481;169;22;0;12084;158;141;0;578;3;425;1;74;0;157;7;22;12242;141;581;426;74;164
106;O;R1;314;1078;SKOFJA LOKA-JEPRCA;10587;17;9495;109;450;331;58;127;0;6120;10456;131;17;0;9372;123;109;0;448;2;330;1;58;0;122;5;17;9495;109;450;331;58;127
228;P;R2;314;1079;JEPRCA-ZBILJE;1650;5;1441;20;97;53;10;24;0;1500;1632;18;5;0;1424;17;20;0;96;1;53;0;10;0;24;0;5;1441;20;97;53;10;24
228;O;R2;314;1079;ZBILJE-VODICE;3366;10;2937;42;198;109;20;50;1500;8850;3330;36;10;0;2903;34;42;0;196;2;109;0;20;0;50;0;10;2937;42;198;109;20;50
229;O;R2;314;1080;VODICE-MOSTE;4686;11;4159;7;316;109;40;44;0;4350;4653;33;11;0;4128;31;7;0;316;0;109;0;40;0;42;2;11;4159;7;316;109;40;44
230;O;R2;314;1081;MOSTE-DUPLICA;6683;27;6124;47;339;99;35;12;0;4120;6540;143;24;3;5986;138;47;0;338;1;99;0;35;0;11;1;27;6124;47;339;99;35;12
231;O;R2;314;1083;KAMNIK-STAHOVICA;3421;6;2929;24;124;203;79;56;0;4270;3372;49;6;0;2882;47;24;0;122;2;203;0;79;0;56;0;6;2929;24;124;203;79;56
233;O;R2;314;1084;STAHOVICA-CRNIVEC;1942;11;1730;35;54;70;21;21;0;10615;1906;36;11;0;1702;28;35;0;50;4;70;0;21;0;17;4;11;1730;35;54;70;21;21
237;O;R2;314;1085;CRNIVEC-GORNJI GRAD;1829;6;1644;42;48;57;12;20;0;12200;1804;25;6;0;1621;23;42;0;48;0;57;0;12;0;18;2;6;1644;42;48;57;12;20
234;O;R2;314;1085;GORNJI GRAD-RADMIRJE;2514;40;2278;32;69;59;15;21;12200;17850;2502;12;40;0;2266;12;32;0;69;0;59;0;15;0;21;0;40;2278;32;69;59;15;21
234;P;R2;314 B;1087;STAHOVICA-KAM.BISTRICA;607;10;549;8;17;14;4;5;0;8210;604;3;10;0;546;3;8;0;17;0;14;0;4;0;5;0;10;549;8;17;14;4;5
109;O;R1;315;1088;LESCE-BLED;17290;121;16019;261;461;314;82;32;0;3545;15813;1477;74;47;14642;1377;234;27;442;19;312;2;80;2;29;3;121;16019;261;461;314;82;32
109;P;R1;315;1089;BLED-PRISTAVA;9000;63;8338;136;240;163;43;17;0;2200;8231;769;39;24;7621;717;122;14;230;10;162;1;42;1;15;2;63;8338;136;240;163;43;17
110;O;R1;315;1089;PRISTAVA-SOTESKA;3455;32;3178;31;105;77;21;11;2200;10530;2997;458;18;14;2741;437;26;5;103;2;77;0;21;0;11;0;32;3178;31;105;77;21;11
110;P;R1;315;1090;SOTESKA-BITNJE;2782;25;2559;25;85;62;17;9;0;8510;2413;369;14;11;2207;352;21;4;83;2;62;0;17;0;9;0;25;2559;25;85;62;17;9
110;P;R1;315;1091;BITNJE-BOH.BISTRICA;2889;27;2657;26;88;64;18;9;0;1340;2506;383;15;12;2292;365;22;4;86;2;64;0;18;0;9;0;27;2657;26;88;64;18;9
255;O;R1;315;1092;BOH.BISTRICA-JEZERO;2075;34;1836;93;71;34;5;2;0;6200;1824;251;17;17;1602;234;93;0;71;0;34;0;5;0;2;0;34;1836;93;71;34;5;2
240;O;R2;315;1093;JEZERO-ZLATOROG;1851;17;1773;47;7;7;0;0;0;4200;1431;420;11;6;1361;412;45;2;7;0;7;0;0;0;0;0;17;1773;47;7;7;0;0
240;P;R2;315;1093;ZLATOROG-SAVICA;482;5;460;13;2;2;0;0;4200;8200;372;110;3;2;353;107;12;1;2;0;2;0;0;0;0;0;5;460;13;2;2;0;0
235;O;R2;316;1094;BLED-GORJE;6140;32;5763;85;147;89;15;9;0;3500;5782;358;26;6;5415;348;84;1;145;2;88;1;15;0;9;0;32;5763;85;147;89;15;9
235;P;R2;316;1095;GORJE-KRNICA;1920;10;1802;26;46;28;5;3;0;2160;1808;112;8;2;1693;109;26;0;45;1;28;0;5;0;3;0;10;1802;26;46;28;5;3
236;O;R2;316;1096;KRNICA-ZATRNIK;1106;10;1020;16;39;15;3;3;0;4000;1015;91;8;2;935;85;16;0;35;4;15;0;3;0;3;0;10;1020;16;39;15;3;3
236;P;R2;316;1096;ZATRNIK-MRZLI STUDENEC;231;2;213;3;8;3;1;1;4000;9120;212;19;2;0;195;18;3;0;7;1;3;0;1;0;1;0;2;213;3;8;3;1;1
239;P;R2;316;1097;MRZLI STUDENEC-JEREKA;160;0;145;4;9;2;0;0;0;16340;151;9;0;0;136;9;4;0;9;0;2;0;0;0;0;0;0;145;4;9;2;0;0
239;P;R2;316;1098;JEREKA-JEZERO;321;0;290;8;18;5;0;0;0;6800;303;18;0;0;272;18;8;0;18;0;5;0;0;0;0;0;0;290;8;18;5;0;0
239;O;R2;316;1099;JEREKA-BITNJE;1346;0;1220;32;74;20;0;0;0;1880;1270;76;0;0;1144;76;32;0;74;0;20;0;0;0;0;0;0;1220;32;74;20;0;0
239;P;R2;316 A;1100;MRZLI STUD.-RUDNO POLJE;54;0;49;1;3;1;0;0;0;6100;51;3;0;0;46;3;1;0;3;0;1;0;0;0;0;0;0;49;1;3;1;0;0
239;P;R2;317;1101;KRNICA-ZG.RADOVNA;160;0;145;4;9;2;0;0;0;11880;151;9;0;0;136;9;4;0;9;0;2;0;0;0;0;0;0;145;4;9;2;0;0
239;P;R2;317;1102;ZG.RADOVNA-DOVJE;214;0;194;5;12;3;0;0;0;6400;202;12;0;0;182;12;5;0;12;0;3;0;0;0;0;0;0;194;5;12;3;0;0
241;O;R2;318;1104;JAVORNIK-GORJE;1508;14;1425;16;36;16;0;1;0;8060;1436;72;10;4;1357;68;16;0;36;0;16;0;0;0;1;0;14;1425;16;36;16;0;1
661;O;R1;319;1105;M.P.ZG.JEZERSKO-SP.JEZERSKO;320;10;287;2;10;11;0;0;0;10500;133;187;2;8;114;173;0;2;6;4;11;0;0;0;0;0;10;287;2;10;11;0;0
242;O;R1;319;1106;SP.JEZERSKO-PREDDVOR;1225;81;1062;16;24;33;8;1;0;15800;1047;178;48;33;921;141;15;1;22;2;32;1;8;0;1;0;81;1062;16;24;33;8;1
243;O;R1;319;1107;PREDDVOR-KR(PRIMSKOVO);7688;31;7171;60;243;125;31;27;0;8575;7534;154;20;11;7036;135;60;0;241;2;125;0;31;0;21;6;31;7171;60;243;125;31;27
244;O;R1;319;1108;KR(PRIMSKOVO-LABORE);10554;90;9603;35;354;361;57;54;0;2600;10484;70;89;1;9538;65;35;0;354;0;360;1;56;1;52;2;90;9603;35;354;361;57;54
111;O;R1;319;1109;KRANJ-SKOFJA LOKA;11580;57;10473;133;400;401;57;59;0;7830;11478;102;40;17;10389;84;133;0;399;1;401;0;57;0;59;0;57;10473;133;400;401;57;59
112;O;R1;319;1110;SK.LOKA-GORENJA VAS;6689;21;6000;88;242;300;15;23;0;16170;6622;67;20;1;5934;66;88;0;242;0;300;0;15;0;23;0;21;6000;88;242;300;15;23
408;O;R1;319;1111;GORENJA VAS-TREBIJA;2781;31;2433;62;129;82;31;13;0;4980;2730;51;19;12;2395;38;62;0;129;0;82;0;31;0;12;1;31;2433;62;129;82;31;13
409;O;R1;319;1112;TREBIJA-SOVODENJ;948;12;824;28;42;32;9;1;0;5880;924;24;4;8;808;16;28;0;42;0;32;0;9;0;1;0;12;824;28;42;32;9;1
409;P;R1;319;1113;SOVODENJ-CERKNO;437;6;380;13;19;15;4;0;0;11981;425;12;2;4;372;8;13;0;19;0;15;0;4;0;0;0;6;380;13;19;15;4;0
102;O;R1;319;1114;CERKNO-ZELIN;1916;10;1622;71;100;83;19;11;0;4200;1888;28;9;1;1600;22;68;3;100;0;83;0;19;0;9;2;10;1622;71;100;83;19;11
245;P;R2;320;1115;PLANINA-UNEC(AC);1433;1;1276;13;49;56;10;28;0;4500;1401;32;1;0;1247;29;13;0;49;0;56;0;10;0;25;3;1;1276;13;49;56;10;28
245;P;R2;320;1115;UNEC(AC)-UNEC;1433;1;1276;13;49;56;10;28;4500;5165;1401;32;1;0;1247;29;13;0;49;0;56;0;10;0;25;3;1;1276;13;49;56;10;28
245;P;R1;320;1116;UNEC-RAKEK;3528;3;3141;32;121;138;25;68;0;2160;3450;78;3;0;3071;70;32;0;121;0;138;0;24;1;61;7;3;3141;32;121;138;25;68
245;O;R1;320;1117;RAKEK-CERKNICA;5752;5;5119;53;197;226;40;112;0;3980;5625;127;5;0;5005;114;53;0;197;0;226;0;39;1;100;12;5;5119;53;197;226;40;112
246;O;R1;320;1118;CERKNICA-BL.POLICA;3609;0;3203;51;104;145;39;67;0;10965;3506;103;0;0;3107;96;51;0;104;0;145;0;38;1;61;6;0;3203;51;104;145;39;67
247;O;R1;320;1119;BL.POLICA-SODRAZICA;847;0;716;0;53;42;8;28;0;17315;831;16;0;0;705;11;0;0;50;3;41;1;8;0;27;1;0;716;0;53;42;8;28
248;O;R1;320;1120;SODRAZICA-ZLEBIC;2289;0;1916;24;107;152;35;55;0;5770;2257;32;0;0;1885;31;24;0;107;0;152;0;35;0;54;1;0;1916;24;107;152;35;55
250;O;R2;321;1121;LESCE-K.GORICA-LIPNICA;1498;8;1399;25;32;18;4;12;0;11160;1488;10;8;0;1389;10;25;0;32;0;18;0;4;0;12;0;8;1399;25;32;18;4;12
251;O;R2;321;1122;LIPNICA-KROPA;840;3;774;28;27;7;1;0;0;2000;830;10;3;0;765;9;28;0;26;1;7;0;1;0;0;0;3;774;28;27;7;1;0
253;P;R2;321;1122;KROPA-RUDNO;160;0;137;0;17;4;0;2;2000;15150;134;26;0;0;111;26;0;0;17;0;4;0;0;0;2;0;0;137;0;17;4;0;2
253;P;R2;321;1123;RUDNO-ROVTARICA;214;0;184;0;23;5;0;2;0;11510;179;35;0;0;149;35;0;0;23;0;5;0;0;0;2;0;0;184;0;23;5;0;2
253;P;R2;321;1124;ROVTARICA-VRESJE;160;0;137;0;17;4;0;2;0;7880;134;26;0;0;111;26;0;0;17;0;4;0;0;0;2;0;0;137;0;17;4;0;2
253;O;R2;321;1125;VRESJE-BOH.BISTRICA;198;0;170;0;21;5;0;2;0;8260;166;32;0;0;138;32;0;0;21;0;5;0;0;0;2;0;0;170;0;21;5;0;2
254;O;R2;321 A;1126;LIPNICA-PODTABOR;1502;11;1396;26;35;17;5;12;0;9500;1486;16;11;0;1381;15;26;0;34;1;17;0;5;0;12;0;11;1396;26;35;17;5;12
254;P;R2;321 A;1126;PODTABOR-ZVIRCE;495;4;459;9;11;6;2;4;9500;11200;490;5;4;0;454;5;9;0;11;0;6;0;2;0;4;0;4;459;9;11;6;2;4
236;P;R2;321 B;1127;RUDNO-CESNJICA;231;2;213;3;8;3;1;1;0;2270;212;19;2;0;195;18;3;0;7;1;3;0;1;0;1;0;2;213;3;8;3;1;1
236;P;R2;321 C;1128;VRESJE-SORICA;53;0;49;1;2;1;0;0;0;9530;49;4;0;0;45;4;1;0;2;0;1;0;0;0;0;0;0;49;1;2;1;0;0
236;P;R2;321 C;1129;SORICA-PETROVO BRDO;53;0;49;1;2;1;0;0;0;4200;49;4;0;0;45;4;1;0;2;0;1;0;0;0;0;0;0;49;1;2;1;0;0
236;P;R2;321 D;1130;SORICA-PODROST;350;4;322;5;12;5;1;1;0;5250;321;29;3;1;295;27;5;0;11;1;5;0;1;0;1;0;4;322;5;12;5;1;1
256;O;R2;322;1131;ZIROVNICA-BEGUNJE;1533;8;1368;44;83;29;0;1;0;6290;1516;17;8;0;1351;17;44;0;83;0;29;0;0;0;1;0;8;1368;44;83;29;0;1
257;O;R2;322;1132;BEGUNJE-BISTRICA;654;9;570;5;34;36;0;0;0;10420;630;24;9;0;548;22;5;0;33;1;35;1;0;0;0;0;9;570;5;34;36;0;0
258;P;R1;322;1133;BISTRICA-TRZIC;5148;35;4829;57;160;56;9;2;0;1450;5105;43;31;4;4790;39;57;0;160;0;56;0;9;0;2;0;35;4829;57;160;56;9;2
258;O;R1;322;1134;TRZIC-KOKRICA;5092;35;4777;56;158;55;9;2;0;14560;5049;43;31;4;4738;39;56;0;158;0;55;0;9;0;2;0;35;4777;56;158;55;9;2
258;P;R1;322;1135;KOKRICA-KRANJ(319);7550;52;7083;83;234;82;13;3;0;3920;7486;64;46;6;7025;58;83;0;234;0;82;0;13;0;3;0;52;7083;83;234;82;13;3
113;O;R1;322;1136;KRANJ-LETALISCE;12737;56;10833;189;1082;377;39;161;0;6000;12209;528;56;0;10333;500;189;0;1069;13;368;9;39;0;155;6;56;10833;189;1082;377;39;161
627;O;R1;322;1136;LETALISCE-SP.BRNIK;10615;34;9260;151;618;302;101;149;6000;8330;10239;376;22;12;8918;342;148;3;614;4;301;1;98;3;138;11;34;9260;151;618;302;101;149
627;P;R1;322;1137;SP.BRNIK-MOSTE;10791;34;9414;154;628;307;103;151;0;6245;10410;381;22;12;9067;347;151;3;624;4;306;1;100;3;140;11;34;9414;154;628;307;103;151
627;P;R1;322;1138;MOSTE-MENGES;11390;36;9934;163;664;324;109;160;0;3900;10984;406;23;13;9567;367;159;4;659;5;323;1;105;4;148;12;36;9934;163;664;324;109;160
116;O;R1;322;1139;MENGES-TRZIN;15130;40;14108;121;450;210;118;83;0;4065;14886;244;40;0;13873;235;118;3;447;3;210;0;118;0;80;3;40;14108;121;450;210;118;83
259;O;R1;322 A;1140;MENGES-DUPLICA;8698;8;8169;44;240;161;48;28;0;3805;8562;136;8;0;8044;125;44;0;235;5;158;3;48;0;25;3;8;8169;44;240;161;48;28
260;O;R1;323;1141;SENTVID-VODICE;1994;9;1858;25;50;36;13;3;0;10800;1964;30;6;3;1832;26;25;0;50;0;35;1;13;0;3;0;9;1858;25;50;36;13;3
261;O;R2;323;1142;VODICE-SP.BRNIK;2818;13;2581;17;136;42;13;16;0;5100;2767;51;13;0;2532;49;17;0;135;1;41;1;13;0;16;0;13;2581;17;136;42;13;16
496;O;R2;323;1143;SP.BRNIK-GRAD;1555;18;1459;1;16;27;33;1;0;4500;1541;14;17;1;1446;13;1;0;16;0;27;0;33;0;1;0;18;1459;1;16;27;33;1
496;P;R2;323;1143;GRAD-KRVAVEC;1730;20;1623;1;18;30;37;1;4500;7000;1715;15;19;1;1609;14;1;0;18;0;30;0;37;0;1;0;20;1623;1;18;30;37;1
263;O;R2;324;1144;GORENJA VAS-LJUBLJANICA;457;2;432;2;11;0;10;0;0;14180;457;0;2;0;432;0;2;0;11;0;0;0;10;0;0;0;2;432;2;11;0;10;0
264;P;R2;324;1145;LJUBLJANICA-HORJUL;850;5;777;7;36;18;5;2;0;6800;843;7;4;1;771;6;7;0;36;0;18;0;5;0;2;0;5;777;7;36;18;5;2
264;O;R2;324;1145;HORJUL-VRHNIKA;1378;7;1262;11;58;29;8;3;6800;15110;1367;11;6;1;1252;10;11;0;58;0;29;0;8;0;3;0;7;1262;11;58;29;8;3
265;O;R2;324;1146;VRHNIKA-PODPEC;2048;13;1920;20;68;23;3;1;0;16795;2039;9;13;0;1911;9;20;0;68;0;23;0;3;0;1;0;13;1920;20;68;23;3;1
266;O;R2;324;1147;PODPEC-IG;1175;4;1129;0;16;20;3;3;0;8960;1175;0;4;0;1129;0;0;0;16;0;20;0;3;0;3;0;4;1129;0;16;20;3;3
266;P;R2;324;1148;IG-SKOFLJICA;404;1;389;0;5;7;1;1;0;5330;404;0;1;0;389;0;0;0;5;0;7;0;1;0;1;0;1;389;0;5;7;1;1
151;P;R2;309;1149;RIZANA-MOSTICJE;813;8;751;8;30;16;0;0;0;1950;323;490;2;6;290;461;6;2;14;16;11;5;0;0;0;0;8;751;8;30;16;0;0
266;P;R2;324;1150;IG;1502;5;1443;0;20;26;4;4;0;820;1502;0;5;0;1443;0;0;0;20;0;26;0;4;0;4;0;5;1443;0;20;26;4;4
275;P;R2;327;1151;GROSUPLJE;5355;26;5067;49;147;26;26;14;0;250;5319;36;26;0;5033;34;49;0;145;2;26;0;26;0;14;0;26;5067;49;147;26;26;14
302;P;R1;335;1152;CRNOMELJ;8663;34;8105;138;100;157;91;38;0;730;8362;301;34;0;7807;298;135;3;100;0;157;0;91;0;38;0;34;8105;138;100;157;91;38
154;P;R1;335;1153;VINICA;1500;2;1421;41;19;17;0;0;0;160;594;906;0;2;534;887;41;0;2;17;17;0;0;0;0;0;2;1421;41;19;17;0;0
320;P;R2;339;1154;ODCEP V DOBRNO;2310;6;2139;14;82;53;14;2;0;1695;2268;42;6;0;2098;41;14;0;82;0;52;1;14;0;2;0;6;2139;14;82;53;14;2
322;P;R2;341 B;1155;ODCEP V KOTLJE;794;6;763;5;7;11;2;0;0;880;779;15;6;0;748;15;5;0;7;0;11;0;2;0;0;0;6;763;5;7;11;2;0
268;P;R1;326;1156;KOCEVJE-STARI LOG;960;11;737;9;83;54;30;36;0;11975;927;33;11;0;709;28;9;0;83;0;54;0;30;0;31;5;11;737;9;83;54;30;36
268;O;R1;326;1157;STARI LOG-DVOR;765;9;587;7;66;43;24;29;0;14750;739;26;9;0;565;22;7;0;66;0;43;0;24;0;25;4;9;587;7;66;43;24;29
278;O;R1;326;1158;DVOR-ZUZEMBERK;2959;12;2550;48;98;81;127;43;0;4270;2916;43;12;0;2508;42;48;0;97;1;81;0;127;0;43;0;12;2550;48;98;81;127;43
269;O;R2;326;1159;ZUZEMBERK-PLUSKA;724;3;631;17;26;5;37;5;0;13840;721;3;3;0;630;1;17;0;25;1;5;0;37;0;4;1;3;631;17;26;5;37;5
269;P;R2;326;1160;PLUSKA-TREBNJE;825;3;720;19;29;6;42;6;0;2000;822;3;3;0;719;1;19;0;28;1;6;0;42;0;5;1;3;720;19;29;6;42;6
270;P;R1;326;1161;TREBNJE;3019;76;2599;34;176;89;23;22;0;3250;2979;40;76;0;2562;37;34;0;174;2;89;0;23;0;21;1;76;2599;34;176;89;23;22
270;O;R1;326;1162;TREBNJE-MOKRONOG;4014;101;3457;45;233;118;31;29;0;14200;3962;52;101;0;3408;49;45;0;231;2;118;0;31;0;28;1;101;3457;45;233;118;31;29
448;O;R1;326;1163;MOKRONOG-BOSTANJ;1790;17;1489;15;134;88;24;23;0;18630;1752;38;17;0;1453;36;15;0;134;0;88;0;24;0;21;2;17;1489;15;134;88;24;23
352;P;R1;353;1164;RADENCI;3406;39;2990;47;132;105;42;51;0;400;3104;302;38;1;2702;288;45;2;130;2;104;1;35;7;50;1;39;2990;47;132;105;42;51
437;P;R2;330;1165;SMARTNO PRI LITIJI;2658;15;2420;28;99;93;3;0;0;260;2646;12;15;0;2408;12;28;0;99;0;93;0;3;0;0;0;15;2420;28;99;93;3;0
272;O;R2;326;1166;BOSTANJ-PLANINA;1094;0;998;10;42;35;4;5;0;21160;1091;3;0;0;997;1;10;0;40;2;35;0;4;0;5;0;0;998;10;42;35;4;5
274;O;R2;326;1169;PILSTAJN-GOLOBINJEK;707;10;663;8;13;13;0;0;0;10225;701;6;10;0;657;6;8;0;13;0;13;0;0;0;0;0;10;663;8;13;13;0;0
313;P;R2;326 A;1170;PLANINA-DEZNO;324;2;288;5;14;10;3;2;0;1115;321;3;2;0;285;3;5;0;14;0;10;0;3;0;2;0;2;288;5;14;10;3;2
275;P;R2;327;1172;PEROVO-GROSUPLJE;3749;18;3549;34;102;18;18;10;0;1480;3724;25;18;0;3525;24;34;0;101;1;18;0;18;0;10;0;18;3549;34;102;18;18;10
275;O;R2;327;1173;GROSUPLJE-MLACEVO;3550;17;3360;33;97;17;17;9;0;2350;3527;23;17;0;3338;22;33;0;96;1;17;0;17;0;9;0;17;3360;33;97;17;17;9
276;O;R2;327;1174;MLACEVO-PLESIVICA;2493;12;2371;14;58;17;8;13;0;3230;2480;13;12;0;2358;13;14;0;58;0;17;0;8;0;13;0;12;2371;14;58;17;8;13
276;P;R2;327;1174;PLESIVICA-KRKA;353;2;336;2;8;2;1;2;3230;15230;351;2;2;0;334;2;2;0;8;0;2;0;1;0;2;0;2;336;2;8;2;1;2
277;O;R1;327;1175;KRKA-ZUZEMBERK;2708;3;2447;48;96;54;31;29;0;13550;2673;35;3;0;2413;34;47;1;96;0;54;0;31;0;29;0;3;2447;48;96;54;31;29
279;P;R1;327;1176;DVOR-SOTESKA;3260;7;2996;44;68;72;19;54;0;5550;3199;61;7;0;2937;59;44;0;66;2;72;0;19;0;54;0;7;2996;44;68;72;19;54
279;O;R1;327;1177;SOTESKA-CRMOSNJICE;2031;4;1867;27;42;45;12;34;0;14355;1993;38;4;0;1830;37;27;0;41;1;45;0;12;0;34;0;4;1867;27;42;45;12;34
280;P;R1;327;1178;CRMOSNJICE-RUCETNA VAS;2310;10;2180;20;48;32;12;8;0;9600;2289;21;7;3;2162;18;20;0;48;0;32;0;12;0;8;0;10;2180;20;48;32;12;8
280;O;R1;327;1178;RUCETNA VAS-CRNOMELJ;3565;15;3365;30;74;49;19;13;9600;15210;3533;32;11;4;3337;28;30;0;74;0;49;0;19;0;13;0;15;3365;30;74;49;19;13
281;O;R2;327;1179;CRNOMELJ-ADLESICI;948;4;889;9;22;8;8;8;0;9810;925;23;4;0;866;23;9;0;22;0;8;0;8;0;8;0;4;889;9;22;8;8;8
120;O;M2; 10-9;1180;CRNUCE-SENTJAKOB;16675;45;14868;87;827;541;166;141;0;3580;16521;154;45;0;14737;131;86;1;822;5;539;2;162;4;130;11;45;14868;87;827;541;166;141
121;O;M2; 10-9;1181;SENTJAKOB-RIBCE;8496;24;7701;34;305;271;95;66;0;14870;8428;68;24;0;7640;61;34;0;301;4;270;1;95;0;64;2;24;7701;34;305;271;95;66
620;P;M2; 10-9;1182;RIBCE-LITIJA;6867;36;6165;43;269;231;68;55;0;13474;6809;58;36;0;6108;57;43;0;268;1;231;0;68;0;55;0;36;6165;43;269;231;68;55
620;O;M2; 10-9;1183;LITIJA-ZAGORJE;5024;26;4511;31;197;169;50;40;0;14981;4981;43;26;0;4469;42;31;0;196;1;169;0;50;0;40;0;26;4511;31;197;169;50;40
122;O;M2; 10-9;1184;ZAGORJE-TRBOVLJE;5959;4;5239;8;250;313;69;76;0;4316;5943;16;4;0;5224;15;8;0;250;0;313;0;69;0;75;1;4;5239;8;250;313;69;76
123;O;M2; 10-9;1185;TRBOVLJE-HRASTNIK;5017;8;4434;97;179;201;39;59;0;5162;5016;1;8;0;4433;1;97;0;179;0;201;0;39;0;59;0;8;4434;97;179;201;39;59
124;O;M2; 10-9;1186;HRASTNIK-ZIDANI MOST;1909;1;1821;1;48;38;0;0;0;8520;1872;37;1;0;1785;36;1;0;47;1;38;0;0;0;0;0;1;1821;1;48;38;0;0
282;O;R2;329;1187;VEL.REKA-MORAVCE;588;3;555;0;10;12;8;0;0;6000;584;4;3;0;551;4;0;0;10;0;12;0;8;0;0;0;3;555;0;10;12;8;0
282;P;R2;329;1187;MORAVCE-CATEZ;281;1;265;0;5;6;4;0;6000;12600;279;2;1;0;263;2;0;0;5;0;6;0;4;0;0;0;1;265;0;5;6;4;0
282;P;R2;329;1187;CATEZ-TREBNJE;1683;9;1587;0;29;35;23;0;12600;21870;1671;12;9;0;1575;12;0;0;29;0;35;0;23;0;0;0;9;1587;0;29;35;23;0
728;O;R2;330;1188;LJ(ZA GRADOM)-(LJ)KAJUHOVA;28260;77;25983;133;1371;465;92;139;0;2300;27983;277;76;1;25719;264;133;0;1367;4;461;4;92;0;135;4;77;25983;133;1371;465;92;139
728;P;R2;330;1188;(LJ)KAJUHOVA-ZADVOR;9818;26;9029;46;476;161;32;48;2300;8000;9723;95;26;0;8937;92;46;0;475;1;160;1;32;0;47;1;26;9029;46;476;161;32;48
437;O;R2;330;1189;ZADVOR-SMARTNO P.LITIJI;857;5;780;9;32;30;1;0;0;26750;853;4;5;0;776;4;9;0;32;0;30;0;1;0;0;0;5;780;9;32;30;1;0
284;O;R2;330;1190;SMAR.P.L.-M.KOSTREVICA;2030;4;1964;4;23;33;2;0;0;1500;2028;2;4;0;1962;2;4;0;23;0;33;0;2;0;0;0;4;1964;4;23;33;2;0
284;P;R2;330;1190;M. KOSTREVICA-VEL. REKA;1650;3;1596;3;19;27;2;0;1500;8700;1648;2;3;0;1594;2;3;0;19;0;27;0;2;0;0;0;3;1596;3;19;27;2;0
285;P;R2;330;1191;VEL. REKA-SOPOTA;280;1;263;3;9;4;0;0;0;15100;279;1;1;0;262;1;3;0;9;0;4;0;0;0;0;0;1;263;3;9;4;0;0
285;O;R2;330;1191;SOPOTA-RADECE;1192;5;1119;13;38;15;2;0;15100;28170;1187;5;5;0;1114;5;13;0;38;0;15;0;2;0;0;0;5;1119;13;38;15;2;0
286;O;R2;330;1192;RADECE-BREG;687;0;591;0;34;28;34;0;0;5700;686;1;0;0;590;1;0;0;34;0;28;0;34;0;0;0;0;591;0;34;28;34;0
454;O;R2;330;1193;BREG- LISCA;474;5;435;2;21;11;0;0;0;4650;466;8;5;0;427;8;2;0;21;0;11;0;0;0;0;0;5;435;2;21;11;0;0
287;O;R2;330;1193;LISCA-JURKLOSTER;222;6;199;4;12;1;0;0;4650;12370;214;8;0;6;197;2;4;0;12;0;1;0;0;0;0;0;6;199;4;12;1;0;0
288;O;R2;331;1194;SKOFLJICA - SMARJE-SAP;2704;1;2263;70;129;57;180;4;0;3700;2683;21;1;0;2242;21;70;0;129;0;57;0;180;0;4;0;1;2263;70;129;57;180;4
289;P;R2;331;1195;GROSUPLJE-IVANCNA GOR.;441;1;412;2;12;11;2;1;0;14050;440;1;1;0;411;1;2;0;12;0;11;0;2;0;1;0;1;412;2;12;11;2;1
289;O;R2;331;1196;IVANCNA GORICA-GRM;3960;13;3701;16;109;97;14;10;0;5350;3952;8;13;0;3693;8;16;0;109;0;97;0;14;0;10;0;13;3701;16;109;97;14;10
289;P;R2;331;1197;GRM-PLUSKA;386;1;361;2;11;9;1;1;0;8440;385;1;1;0;360;1;2;0;11;0;9;0;1;0;1;0;1;361;2;11;9;1;1
290;O;R2;331;1198;TREBNJE-NOVO MESTO;3192;4;2945;9;115;87;15;17;0;16530;3180;12;4;0;2934;11;8;1;115;0;87;0;15;0;17;0;4;2945;9;115;87;15;17
291;P;R2;332;1199;MOKRONOG-ZBURE;772;0;633;15;28;48;10;38;0;10475;767;5;0;0;628;5;15;0;28;0;48;0;10;0;38;0;0;633;15;28;48;10;38
291;O;R2;332;1200;ZBURE-SKOCJAN;1005;0;822;20;37;63;14;49;0;3940;999;6;0;0;816;6;20;0;37;0;63;0;14;0;49;0;0;822;20;37;63;14;49
293;P;R2;332;1201;SKOCJAN-DOBRUSKA VAS;1433;0;1346;0;56;12;18;1;0;2975;1402;31;0;0;1315;31;0;0;56;0;12;0;18;0;1;0;0;1346;0;56;12;18;1
293;O;R2;332;1202;DOBRUSKA V.-SENTJERNEJ;1030;0;968;0;40;8;13;1;0;6150;1008;22;0;0;946;22;0;0;40;0;8;0;13;0;1;0;0;968;0;40;8;13;1
294;O;R1;333;1203;SOTESKA-NOVO MESTO;5831;8;5401;111;143;98;39;31;0;14600;5791;40;8;0;5364;37;111;0;143;0;98;0;36;3;31;0;8;5401;111;143;98;39;31
295;O;R2;333;1204;NOVO MESTO-SENTJERNEJ;5292;3;4788;88;156;219;19;19;0;15755;5267;25;3;0;4763;25;88;0;156;0;219;0;19;0;19;0;3;4788;88;156;219;19;19
296;O;R2;333;1205;SENTJERNEJ-KRIZAJ;2070;6;1850;50;82;50;19;13;0;11325;2023;47;6;0;1804;46;50;0;81;1;50;0;19;0;13;0;6;1850;50;82;50;19;13
297;O;R2;333;1206;KRIZAJ-CATEZ OB SAVI;2996;9;2715;49;110;65;37;11;0;13000;2861;135;8;1;2581;134;49;0;110;0;65;0;37;0;11;0;9;2715;49;110;65;37;11
297;P;R2;333;1207;CATEZ OB SAVI-OBREZJE;441;1;400;7;16;10;5;2;0;10970;421;20;1;0;380;20;7;0;16;0;10;0;5;0;2;0;1;400;7;16;10;5;2
466;O;R2;334;1208;LIVOLD-BREZOVICA;633;3;562;13;21;16;9;9;0;16230;621;12;3;0;550;12;13;0;21;0;16;0;9;0;9;0;3;562;13;21;16;9;9
299;O;R2;334;1209;BREZOVICA-DOBLICE;412;0;344;14;25;13;5;11;0;17000;408;4;0;0;340;4;14;0;25;0;13;0;5;0;11;0;0;344;14;25;13;5;11
300;O;R2;334;1209;DOBLICE-KANIZARICA;360;0;309;10;13;17;2;9;17000;19930;360;0;0;0;309;0;10;0;13;0;17;0;2;0;9;0;0;309;10;13;17;2;9
301;O;R2;335;1210;MEJA RH-DRASICI;1271;6;1216;19;9;18;3;0;0;4000;1202;69;6;0;1148;68;18;1;9;0;18;0;3;0;0;0;6;1216;19;9;18;3;0
301;P;R2;335;1210;DRASICI-METLIKA;1690;8;1617;25;12;24;4;0;4000;9500;1599;91;8;0;1527;90;24;1;12;0;24;0;4;0;0;0;8;1617;25;12;24;4;0
450;O;R1;335;1211;METLIKA-PODZEMELJ;3300;13;3111;48;33;48;25;22;0;5570;3186;114;13;0;2999;112;47;1;32;1;48;0;25;0;22;0;13;3111;48;33;48;25;22
302;O;R1;335;1212;PODZEMELJ-CRNOMELJ;2900;12;2713;46;34;52;30;13;0;8950;2799;101;12;0;2613;100;45;1;34;0;52;0;30;0;13;0;12;2713;46;34;52;30;13
303;P;R1;335;1213;CRNOMELJ-KANIZARICA;3119;1;2870;43;59;98;33;15;0;2215;3006;113;1;0;2760;110;43;0;58;1;97;1;32;1;15;0;1;2870;43;59;98;33;15
303;O;R1;335;1214;KANIZARICA-VINICA;2646;1;2434;37;50;83;28;13;0;15535;2550;96;1;0;2341;93;37;0;49;1;82;1;27;1;13;0;1;2434;37;50;83;28;13
154;O;R1;335;1215;VINICA-MOST CEZ KOLPO;773;1;732;21;10;9;0;0;0;850;306;467;0;1;275;457;21;0;1;9;9;0;0;0;0;0;1;732;21;10;9;0;0
304;O;R2;336;1216;ZELODNIK-DRTIJA;4867;29;4479;43;159;97;27;33;0;11080;4853;14;29;0;4466;13;43;0;159;0;97;0;27;0;32;1;29;4479;43;159;97;27;33
305;O;R2;336;1217;DRTIJA-IZLAKE;1700;13;1522;20;47;68;10;20;0;15290;1693;7;13;0;1516;6;19;1;47;0;68;0;10;0;20;0;13;1522;20;47;68;10;20
306;O;R1;336;1218;IZLAKE-ZAGORJE;7172;14;6544;101;194;185;42;92;0;6300;7157;15;14;0;6532;12;101;0;194;0;185;0;42;0;89;3;14;6544;101;194;185;42;92
307;O;R2;336;1219;ZAGORJE-BEVSKO;3237;7;3018;80;65;57;7;3;0;5450;3232;5;7;0;3013;5;80;0;65;0;57;0;7;0;3;0;7;3018;80;65;57;7;3
307;P;R2;336;1220;BEVSKO-TRBOVLJE;4961;11;4625;122;100;87;11;5;0;3000;4953;8;11;0;4617;8;122;0;100;0;87;0;11;0;5;0;11;4625;122;100;87;11;5
309;O;R2;336;1221;TRBOVLJE-HRASTNIK;224;5;173;0;8;37;1;0;0;9100;223;1;5;0;172;1;0;0;8;0;37;0;1;0;0;0;5;173;0;8;37;1;0
310;O;R1;336;1222;HRASTNIK-SMARJETA;4453;12;3881;63;155;181;33;128;0;9650;4411;42;12;0;3851;30;63;0;154;1;181;0;33;0;117;11;12;3881;63;155;181;33;128
310;P;R2;336;1223;SMARJETA-JURKLOSTER;567;2;494;8;20;23;4;16;0;15040;562;5;2;0;490;4;8;0;20;0;23;0;4;0;15;1;2;494;8;20;23;4;16
313;P;R2;336;1224;JURKLOSTER-DEZNO;415;3;368;7;19;12;3;3;0;6600;411;4;3;0;364;4;7;0;19;0;12;0;3;0;3;0;3;368;7;19;12;3;3
313;O;R2;336;1225;DEZNO-CRNOLICA;1209;8;1073;19;54;36;10;9;0;11960;1197;12;8;0;1061;12;19;0;54;0;36;0;10;0;9;0;8;1073;19;54;36;10;9
313;P;R2;336;1226;CRNOLICA-SENTJUR;3234;21;2871;51;144;96;27;24;0;2330;3202;32;21;0;2839;32;51;0;144;0;96;0;27;0;24;0;21;2871;51;144;96;27;24
314;O;R1;336 A;1227;IZLAKE-TROJANE;2166;8;1818;28;88;107;42;75;0;7220;2140;26;8;0;1793;25;28;0;87;1;107;0;42;0;75;0;8;1818;28;88;107;42;75
127;P;R1;336 B;1228;ZAGORJE-MOST CEZ SAVO;4921;5;4417;82;125;177;51;64;0;1950;4909;12;4;1;4406;11;82;0;125;0;177;0;51;0;64;0;5;4417;82;125;177;51;64
127;O;R1;336 C;1229;BEVSKO-MOST CEZ SAVO;6983;6;6269;117;178;251;72;90;0;1220;6967;16;5;1;6254;15;117;0;178;0;251;0;72;0;90;0;6;6269;117;178;251;72;90
127;P;R1;336 D;1230;HRASTNIK-MOST CEZ SAVO;5150;5;4623;86;131;185;53;67;0;1500;5138;12;4;1;4612;11;86;0;131;0;185;0;53;0;67;0;5;4623;86;131;185;53;67
317;P;R2;337;1231;SLOV.KONJICE-ZICE;1433;0;1294;19;47;42;29;2;0;4840;1406;27;0;0;1267;27;19;0;47;0;42;0;29;0;2;0;0;1294;19;47;42;29;2
317;O;R1;337;1232;ZICE-POLJCANE;3579;0;3230;48;118;106;72;5;0;9500;3511;68;0;0;3162;68;48;0;118;0;106;0;72;0;5;0;0;3230;48;118;106;72;5
318;O;R2;337;1233;POLJCANE-MAJSPERK;1739;9;1500;37;61;90;37;5;0;16270;1703;36;9;0;1465;35;37;0;61;0;89;1;37;0;5;0;9;1500;37;61;90;37;5
318;P;R2;337;1234;MAJSPERK-JUROVCI;520;3;448;11;18;27;11;2;0;12605;510;10;3;0;438;10;11;0;18;0;27;0;11;0;2;0;3;448;11;18;27;11;2
521;P;R2;337;1235;TRZEC-VIDEM;865;8;692;21;131;13;0;0;0;4500;299;566;4;4;225;467;17;4;44;87;9;4;0;0;0;0;8;692;21;131;13;0;0
521;O;R2;337;1235;VIDEM-ZG. LESKOVEC;198;2;158;5;30;3;0;0;4500;15775;68;130;1;1;51;107;4;1;10;20;2;1;0;0;0;0;2;158;5;30;3;0;0
125;O;R1;338;1236;SL.BISTRICA-POLJCANE;3572;13;2862;27;152;259;212;47;0;8600;3438;134;13;0;2743;119;27;0;144;8;256;3;212;0;43;4;13;2862;27;152;259;212;47
126;O;R1;338;1237;POLJCANE-PODPLAT;3558;15;3018;33;164;190;85;53;0;9370;3342;216;15;0;2826;192;32;1;156;8;187;3;82;3;44;9;15;3018;33;164;190;85;53
622;P;M2; 10-8;1238;MESTINJE-PODPLAT;6804;3;6102;74;282;177;36;130;0;2060;6485;319;3;0;5830;272;72;2;275;7;171;6;34;2;100;30;3;6102;74;282;177;36;130
128;O;R1;338;1239;MESTINJE-GOLOBINJEK;3071;1;2711;40;128;83;64;44;0;14900;2775;296;1;0;2432;279;40;0;124;4;80;3;63;1;35;9;1;2711;40;128;83;64;44
412;O;R1;338;1240;GOLOBINJEK-BISTRICA;1685;0;1470;28;89;34;26;38;0;9100;1462;223;0;0;1275;195;28;0;77;12;33;1;25;1;24;14;0;1470;28;89;34;26;38
413;O;R1;338;1241;BISTRICA-BIZELJSKO;1546;1;1403;16;50;36;3;37;0;6805;1344;202;1;0;1211;192;16;0;49;1;36;0;3;0;28;9;1;1403;16;50;36;3;37
129;O;R1;338;1242;BIZELJSKO-BREZICE;2830;6;2643;10;71;40;28;32;0;16000;2572;258;6;0;2400;243;10;0;67;4;38;2;28;0;23;9;6;2643;10;71;40;28;32
129;P;R1;338;1242;BREZICE-CATEZ;10500;23;9798;39;265;172;105;98;16000;17570;9564;936;23;0;8898;900;39;0;249;16;164;8;105;0;86;12;23;9798;39;265;172;105;98
411;O;R2;338 A;1243;BISTRICA-M.P.BISTRICA;824;1;759;10;22;15;4;13;0;1050;573;251;1;0;528;231;7;3;13;9;12;3;4;0;8;5;1;759;10;22;15;4;13
435;O;R2;338 B;1244;BIZELJSKO-M.P.BIZELJSKO;568;3;541;3;16;4;1;0;0;5260;249;319;3;0;226;315;3;0;12;4;4;0;1;0;0;0;3;541;3;16;4;1;0
321;O;R2;339;1245;VISNJA VAS-DOBRNA;3585;16;3195;56;136;122;46;14;0;7520;3534;51;16;0;3147;48;56;0;135;1;121;1;45;1;14;0;16;3195;56;136;122;46;14
138;O;R1;340;1246;SENTRUPERT-SOTESKA;5189;37;4402;79;254;229;74;114;0;12200;5139;50;37;0;4357;45;78;1;254;0;229;0;73;1;111;3;37;4402;79;254;229;74;114
138;P;R1;340;1247;SOTESKA-MOZIRJE;3896;28;3304;59;191;172;56;86;0;2455;3858;38;28;0;3270;34;58;1;191;0;172;0;55;1;84;2;28;3304;59;191;172;56;86
139;O;R1;340;1248;MOZIRJE;5303;75;4693;79;163;167;40;86;0;2600;5261;42;75;0;4652;41;79;0;163;0;167;0;40;0;85;1;75;4693;79;163;167;40;86
232;O;R1;340;1248;MOZIRJE-RADMIRJE;4098;52;3697;47;132;106;25;39;2600;11331;4085;13;52;0;3684;13;47;0;132;0;106;0;25;0;39;0;52;3697;47;132;106;25;39
238;O;R2;340;1249;RADMIRJE-LUCE;3515;44;3136;67;71;56;112;29;0;12165;3242;273;44;0;3129;7;67;0;2;69;0;56;0;112;0;29;44;3136;67;71;56;112;29
211;P;R2;340;1250;LUCE-SESTRE LOGAR;482;26;441;5;3;5;2;0;0;13895;434;48;21;5;398;43;5;0;3;0;5;0;2;0;0;0;26;441;5;3;5;2;0
211;P;R2;340;1251;SESTRE LOGAR-RINKA;268;15;244;3;2;3;1;0;0;7300;241;27;12;3;220;24;3;0;2;0;3;0;1;0;0;0;15;244;3;2;3;1;0
211;P;R2;340 A;1252;S.LOGAR-PAVLICEVO SEDLO;54;3;49;1;0;1;0;0;0;7550;48;6;2;1;44;5;1;0;0;0;1;0;0;0;0;0;3;49;1;0;1;0;0
211;P;R2;340 B;1253;MOZIRJE-GOLTE;643;34;589;6;5;6;3;0;0;4350;580;63;28;6;532;57;6;0;5;0;6;0;3;0;0;0;34;589;6;5;6;3;0
662;O;R1;341;1254;M.P.HOLMEC-POLJANA;2606;5;2516;6;25;18;1;35;0;3930;885;1721;0;5;820;1696;5;1;20;5;17;1;0;1;23;12;5;2516;6;25;18;1;35
432;O;R1;341;1255;POLJANA-RAVNE;8129;43;7635;91;129;121;41;69;0;7965;6263;1866;21;22;5811;1824;89;2;123;6;121;0;41;0;57;12;43;7635;91;129;121;41;69
160;O;R1;341;1256;RAVNE-DRAVOGRAD;6228;25;5282;144;271;290;81;135;0;7080;5985;243;15;10;5080;202;140;4;267;4;288;2;81;0;114;21;25;5282;144;271;290;81;135
131;P;M1; 10-8;1257;DRAVOGRAD-OTISKI VRH;7511;36;6484;169;241;297;103;181;0;1370;7255;256;36;0;6242;242;169;0;236;5;297;0;103;0;172;9;36;6484;169;241;297;103;181
131;O;M1; 10-8;1258;OTISKI VRH-SL.GRADEC;9408;45;8121;212;302;372;129;227;0;9170;9086;322;45;0;7817;304;212;0;296;6;372;0;129;0;215;12;45;8121;212;302;372;129;227
621;O;M1; 10-8;1259;SL.GRADEC-ZG.DOLIC;6686;46;5688;123;282;316;72;159;0;12985;6375;311;46;0;5392;296;122;1;277;5;316;0;72;0;150;9;46;5688;123;282;316;72;159
621;P;M1; 10-8;1260;ZG.DOLIC-VELENJE;6355;43;5409;117;268;300;68;150;0;11550;6059;296;43;0;5127;282;116;1;263;5;300;0;68;0;142;8;43;5409;117;268;300;68;150
132;O;M1; 10-8;1261;VELENJE-CRNOVA;8248;38;6939;97;323;490;175;186;0;7350;8071;177;38;0;6792;147;94;3;323;0;487;3;175;0;162;24;38;6939;97;323;490;175;186
133;O;M1; 10-8;1262;CRNOVA-ARJA VAS;7563;17;6274;96;290;486;179;221;0;7330;7320;243;15;2;6073;201;96;0;283;7;482;4;179;0;192;29;17;6274;96;290;486;179;221
672;O;R2;341 A;1263;DRAVOGRAD-M.P.LIBELICE;108;2;102;0;0;4;0;0;0;8800;75;33;0;2;71;31;0;0;0;0;4;0;0;0;0;0;2;102;0;0;4;0;0
322;P;R2;341 B;1264;RAVNE-KOTLJE;3403;25;3275;20;30;46;7;0;0;3600;3338;65;25;0;3210;65;20;0;30;0;46;0;7;0;0;0;25;3275;20;30;46;7;0
323;O;R2;342;1265;POLJANA-CRNA;5485;16;5127;109;56;110;28;39;0;12500;5286;199;6;10;4942;185;107;2;56;0;110;0;28;0;37;2;16;5127;109;56;110;28;39
324;P;R2;342;1265;CRNA-SENTVID;174;2;159;5;3;3;1;1;12500;23950;173;1;2;0;158;1;5;0;3;0;3;0;1;0;1;0;2;159;5;3;3;1;1
324;O;R2;342;1266;SENTVID-SOSTANJ;739;10;676;21;14;11;3;4;0;16835;735;4;10;0;672;4;21;0;14;0;11;0;3;0;4;0;10;676;21;14;11;3;4
167;O;R1;342;1267;SOSTANJ-PESJE;12287;34;10981;534;320;251;40;127;0;1835;12281;6;34;0;10975;6;534;0;320;0;251;0;40;0;127;0;34;10981;534;320;251;40;127
326;O;R2;342;1268;VELENJE-POLZELA;2160;20;1770;9;93;56;197;15;0;12000;2142;18;20;0;1752;18;9;0;93;0;56;0;197;0;15;0;20;1770;9;93;56;197;15
326;P;R2;342;1268;POLZELA-DOBRTESA VAS;3753;34;3076;15;162;97;342;27;12000;15510;3722;31;34;0;3045;31;15;0;162;0;97;0;342;0;27;0;34;3076;15;162;97;342;27
168;O;R1;342 A;1269;PESJE-GORENJE;6887;75;6153;65;200;186;107;101;0;6100;6843;44;72;3;6114;39;65;0;199;1;186;0;107;0;100;1;75;6153;65;200;186;107;101
328;O;R2;343;1270;RUTA-LOVRENC;2087;0;1814;39;94;57;35;48;0;13400;2055;32;0;0;1793;21;39;0;94;0;57;0;35;0;37;11;0;1814;39;94;57;35;48
327;P;R2;343;1270;LOVRENC-PESEK;116;0;113;0;2;1;0;0;13400;18400;108;8;0;0;105;8;0;0;2;0;1;0;0;0;0;0;0;113;0;2;1;0;0
330;O;R2;343 A;1272;SL.KONJICE-OPLOTNICA;2917;0;2744;38;21;57;37;20;0;6750;2902;15;0;0;2729;15;38;0;21;0;57;0;37;0;20;0;0;2744;38;21;57;37;20
331;O;R2;343 A;1273;OPLOTNICA-LOZNICA;2186;6;1935;25;40;133;29;18;0;9450;2157;29;6;0;1906;29;25;0;40;0;133;0;29;0;18;0;6;1935;25;40;133;29;18
134;O;M2; 10-8;1274;CE(VZHODNA M.)-SENTJUR;12963;17;11759;209;376;373;78;151;0;10980;12618;345;14;3;11467;292;209;0;368;8;369;4;78;0;113;38;17;11759;209;376;373;78;151
622;O;M2; 10-8;1275;SENTJUR-MESTINJE;8023;3;7194;87;334;209;42;154;0;14410;7646;377;3;0;6874;320;85;2;325;9;201;8;40;2;118;36;3;7194;87;334;209;42;154
136;O;M2; 10-8;1276;PODPLAT-ROG. SLATINA;7236;11;6449;96;288;211;42;139;0;2450;6632;604;10;1;5905;544;91;5;273;15;203;8;40;2;110;29;11;6449;96;288;211;42;139
414;P;M2; 10-8;1276;ROG. SLATINA - ROGATEC;3000;5;2650;77;95;71;11;91;2450;12500;1978;1022;5;0;1742;908;51;26;73;22;58;13;8;3;41;50;5;2650;77;95;71;11;91
414;O;M2; 10-8;1277;ROGATEC;2362;4;2100;60;88;20;0;90;0;2000;1439;923;4;0;1283;817;40;20;58;30;15;5;0;0;39;51;4;2100;60;88;20;0;90
337;O;M2; 10-8;1277;ROGATEC-MP DOBOVEC;1282;0;1095;26;55;16;0;90;2000;7865;358;924;0;0;277;818;6;20;25;30;11;5;0;0;39;51;0;1095;26;55;16;0;90
317;P;R1;345;1278;TEPANJE-ZICE;1323;0;1194;18;43;39;27;2;0;3750;1298;25;0;0;1169;25;18;0;43;0;39;0;27;0;2;0;0;1194;18;43;39;27;2
317;P;R2;345;1279;ZICE-DOLE;551;0;498;7;18;16;11;1;0;17100;540;11;0;0;487;11;7;0;18;0;16;0;11;0;1;0;0;498;7;18;16;11;1
317;P;R2;345;1280;DOLE-SENTJUR;1323;0;1194;18;43;39;27;2;0;3445;1298;25;0;0;1169;25;18;0;43;0;39;0;27;0;2;0;0;1194;18;43;39;27;2
271;O;R2;345;1281;CRNOLICA-LESICNO;756;8;660;19;40;26;2;1;0;18370;752;4;8;0;656;4;19;0;40;0;26;0;2;0;1;0;8;660;19;40;26;2;1
333;O;R2;345;1282;PILSTAJN-PODSREDA;951;4;847;23;47;22;8;0;0;10020;921;30;4;0;817;30;23;0;47;0;22;0;8;0;0;0;4;847;23;47;22;8;0
335;O;R2;345;1283;PODSREDA-BISTRICA;772;3;686;13;40;17;5;8;0;6720;726;46;3;0;644;42;13;0;39;1;17;0;5;0;5;3;3;686;13;40;17;5;8
336;O;R2;346;1284;ROGATEC-MAJSPERK;553;1;504;4;18;18;8;0;0;15845;539;14;1;0;490;14;4;0;18;0;18;0;8;0;0;0;1;504;4;18;18;8;0
441;O;R2;346;1285;MAJSPERK-PTUJ;2636;4;2410;41;60;86;18;17;0;13760;2530;106;4;0;2312;98;41;0;58;2;86;0;15;3;14;3;4;2410;41;60;86;18;17
338;O;R1;346;1286;ROGOZNICA-SENARSKA;1639;4;1468;31;77;36;11;12;0;17020;1432;207;3;1;1288;180;28;3;60;17;34;2;11;0;8;4;4;1468;31;77;36;11;12
442;O;R1;346;1287;SENARSKA-LENART;2187;4;1983;37;57;76;16;14;0;4100;2062;125;4;0;1869;114;37;0;56;1;75;1;16;0;5;9;4;1983;37;57;76;16;14
339;O;R1;346;1288;LENART-TRATE;2388;5;2206;19;90;59;4;5;0;15950;2083;305;5;0;1915;291;19;0;78;12;58;1;4;0;4;1;5;2206;19;90;59;4;5
144;O;R1;346;1289;TRATE-MOST CEZ MURO;2079;20;2026;0;30;3;0;0;0;2120;944;1135;9;11;920;1106;0;0;15;15;0;3;0;0;0;0;20;2026;0;30;3;0;0
642;O;M2;  3-3;1290;SL.BISTRICA-KIDRICEVO;5561;19;4602;31;340;321;112;136;0;17900;5217;344;19;0;4300;302;30;1;324;16;317;4;112;0;115;21;19;4602;31;340;321;112;136
629;O;M2;  3-3;1290;KIDRICEVO-HAJDINA;6757;27;5742;33;473;327;7;148;17900;21490;6384;373;12;15;5437;305;31;2;453;20;321;6;7;0;123;25;27;5742;33;473;327;7;148
341;O;R1;347;1291;SPUHLJA-BORL;5406;9;4715;131;242;144;30;135;0;8500;4290;1116;8;1;3778;937;92;39;219;23;130;14;27;3;36;99;9;4715;131;242;144;30;135
340;O;R1;347;1291;BORL-ZAVRC;1763;1;1330;39;104;62;31;196;8500;13900;456;1307;0;1;387;943;5;34;21;83;19;43;2;29;22;174;1;1330;39;104;62;31;196
342;O;R2;348;1292;MARIBOR-DVORJANE;4533;19;4012;89;205;142;58;8;0;13205;4375;158;19;0;3854;158;89;0;205;0;142;0;58;0;8;0;19;4012;89;205;142;58;8
438;O;R2;348;1292;DVORJANE-PTUJ;2785;5;2608;18;89;42;3;20;13205;26005;2700;85;5;0;2524;84;18;0;89;0;42;0;3;0;19;1;5;2608;18;89;42;3;20
343;O;R2;349;1293;VIDEM-RADENCI;1001;8;919;23;43;7;1;0;0;10353;970;31;8;0;889;30;23;0;43;0;6;1;1;0;0;0;8;919;23;43;7;1;0
443;O;R1;349;1294;PETANJCI-GEDEROVCI;1204;4;1073;8;76;26;12;5;0;3218;1112;92;4;0;986;87;6;2;74;2;26;0;12;0;4;1;4;1073;8;76;26;12;5
444;O;R2;349;1295;GEREDOVCI-CANKOVA;2249;12;1996;45;111;34;30;21;0;6080;2067;182;12;0;1822;174;41;4;107;4;34;0;30;0;21;0;12;1996;45;111;34;30;21
344;O;R2;349;1296;CANKOVA-ROGASEVCI;2432;8;2265;41;78;26;8;6;0;10500;2202;230;4;4;2043;222;41;0;76;2;26;0;8;0;4;2;8;2265;41;78;26;8;6
666;O;R2;349;1296;ROGASEVCI-M.P.KUZMA;2817;20;2753;2;34;8;0;0;10500;15940;607;2210;1;19;590;2163;0;2;8;26;8;0;0;0;0;0;20;2753;2;34;8;0;0
666;P;R2;349 A;1297;CANKOVA-MEJA AVSTRIJA;347;2;340;0;4;1;0;0;0;822;76;271;0;2;74;266;0;0;1;3;1;0;0;0;0;0;2;340;0;4;1;0;0
345;O;R1;350;1298;MURSKA SOBOTA-GEDEROVCI;3241;9;3092;42;70;21;2;5;0;9200;2482;759;9;0;2363;729;32;10;54;16;21;0;2;0;1;4;9;3092;42;70;21;2;5
142;O;R1;350;1298;GEDEROVCI-GEDEROVCI M.P.;2319;6;2259;4;45;5;0;0;9200;9931;1261;1058;1;5;1231;1028;1;3;23;22;5;0;0;0;0;0;6;2259;4;45;5;0;0
493;O;R2;351;1299;KOBILJE-DOBROVNIK;599;0;568;13;8;5;1;4;0;7730;583;16;0;0;553;15;13;0;8;0;5;0;1;0;3;1;0;568;13;8;5;1;4
346;P;R2;351;1300;DOBROVNIK-RENKOVCI;331;0;307;4;12;6;2;0;0;4230;318;13;0;0;294;13;4;0;12;0;6;0;2;0;0;0;0;307;4;12;6;2;0
346;O;R2;351;1301;RENKOVCI-BELTINCI;1614;1;1500;19;58;28;8;0;0;6521;1549;65;1;0;1435;65;19;0;58;0;28;0;8;0;0;0;1;1500;19;58;28;8;0
347;O;R1;351;1302;BRATONCI-KRIZEVCI;3764;3;3220;83;166;164;48;80;0;9600;3468;296;3;0;2991;229;82;1;153;13;152;12;48;0;39;41;3;3220;83;166;164;48;80
347;P;R2;351;1303;KRIZEVCI-ZIHLAVA;363;0;310;8;16;16;5;8;0;11630;335;28;0;0;288;22;8;0;15;1;15;1;5;0;4;4;0;310;8;16;16;5;8
347;P;R2;351;1304;ZIHLAVA-VIDEM;496;0;425;11;22;22;6;10;0;2950;457;39;0;0;395;30;11;0;20;2;20;2;6;0;5;5;0;425;11;22;22;6;10
349;O;R2;351;1305;VIDEM-SENARSKA;1317;1;1175;25;43;60;10;3;0;13940;1272;45;1;0;1130;45;25;0;43;0;60;0;10;0;3;0;1;1175;25;43;60;10;3
350;O;R2;352;1306;SENTILJ-TRATE;1188;1;1018;46;29;78;1;15;0;13520;1106;82;1;0;937;81;46;0;29;0;78;0;1;0;14;1;1;1018;46;29;78;1;15
351;O;R2;352;1307;TRATE-GORNJA RADGONA;2162;8;2052;20;34;37;9;2;0;15745;1965;197;8;0;1857;195;20;0;33;1;37;0;9;0;1;1;8;2052;20;34;37;9;2
352;O;R1;353;1308;RADENCI-KRIZEVCI;3088;35;2711;43;120;95;38;46;0;12420;2814;274;34;1;2450;261;41;2;118;2;94;1;32;6;45;1;35;2711;43;120;95;38;46
353;O;R1;353;1309;KRIZEVCI-LJUTOMER;6219;36;5453;89;242;290;53;56;0;7210;5605;614;36;0;4890;563;87;2;217;25;279;11;51;2;45;11;36;5453;89;242;290;53;56
354;O;R1;353;1310;LJUTOMER-PAVLOVCI;2717;7;2253;40;140;130;45;102;0;13910;2401;316;7;0;2018;235;38;2;124;16;118;12;21;24;75;27;7;2253;40;140;130;45;102
354;P;R1;353;1311;PAVLOVCI-ORMOZ;4325;11;3588;64;222;207;71;162;0;2200;3823;502;11;0;3214;374;61;3;197;25;188;19;33;38;119;43;11;3588;64;222;207;71;162
354;P;R1;353;1312;ORMOZ;5947;15;4933;87;306;284;99;223;0;1130;5256;691;15;0;4419;514;83;4;271;35;258;26;46;53;164;59;15;4933;87;306;284;99;223
355;O;R1;354;1313;ORMOZ-SREDISCE OB DRAVI;2305;2;1867;43;97;91;14;191;0;9000;1435;870;2;0;1187;680;38;5;76;21;81;10;14;0;37;154;2;1867;43;97;91;14;191
522;O;R1;354;1313;SREDISCE OB DRAVI - M.P.SRED.;1275;7;1041;2;29;20;3;173;9000;12090;404;871;0;7;367;674;0;2;8;21;10;10;0;3;19;154;7;1041;2;29;20;3;173
430;O;R1;355;1314;HODOS-PETROVCI;521;0;479;34;4;4;0;0;0;10458;251;270;0;0;217;262;26;8;4;0;4;0;0;0;0;0;0;479;34;4;4;0;0
137;O;R1;355;1315;PETROVCI-MARTJANCI;3413;1;3110;86;70;98;33;15;0;17720;3211;202;1;0;2924;186;77;9;68;2;97;1;33;0;11;4;1;3110;86;70;98;33;15
137;P;R1;355;1316;MARTJANCI-M.SOBOTA;4301;1;3919;108;89;123;42;19;0;3350;4047;254;1;0;3685;234;97;11;86;3;122;1;42;0;14;5;1;3919;108;89;123;42;19
356;O;R2;356;1317;PETROVCI-KUZMA;250;5;215;3;16;8;3;0;0;19950;212;38;3;2;182;33;3;0;13;3;8;0;3;0;0;0;5;215;3;16;8;3;0
494;O;R1;357;1318;MARTJANCI-DOBROVNIK;2187;20;2009;25;56;51;21;5;0;13831;1981;206;19;1;1810;199;24;1;51;5;51;0;21;0;5;0;20;2009;25;56;51;21;5
358;O;R1;357;1319;DOBROVNIK-DOLGA VAS;3964;56;3588;73;100;84;61;2;0;11529;3540;424;54;2;3187;401;70;3;86;14;81;3;61;0;1;1;56;3588;73;100;84;61;2
358;P;R2;357;1320;LENDAVA-PINCE;1103;16;997;21;28;24;17;0;0;7650;984;119;15;1;885;112;20;1;24;4;23;1;17;0;0;0;16;997;21;28;24;17;0
359;O;R2;358;1321;RENKOVCI-CRENSOVCI;2588;4;2455;39;47;37;5;1;0;8240;2489;99;4;0;2361;94;39;0;42;5;37;0;5;0;1;0;4;2455;39;47;37;5;1
360;O;R2;358;1322;CRENSOVCI-RAZKRIZJE;2241;0;2064;14;51;40;25;47;0;6210;1976;265;0;0;1818;246;14;0;46;5;40;0;25;0;33;14;0;2064;14;51;40;25;47
360;P;R2;358;1323;RAZKRIZJE-STROCJA VAS;1433;0;1319;9;33;26;16;30;0;3830;1264;169;0;0;1162;157;9;0;30;3;26;0;16;0;21;9;0;1319;9;33;26;16;30
431;P;R2;358;1324;STROCJA VAS-PAVLOVCI;1433;6;1379;27;21;0;0;0;0;13200;561;872;2;4;530;849;23;4;6;15;0;0;0;0;0;0;6;1379;27;21;0;0;0
431;O;R2;358 A;1325;RAZKRIZJE-GIBINA;709;3;682;14;10;0;0;0;0;2930;278;431;1;2;262;420;12;2;3;7;0;0;0;0;0;0;3;682;14;10;0;0;0
431;P;R2;358 B;1326;RAZKRIZJE-MEJA R HRVASKA;275;1;265;5;4;0;0;0;0;475;107;168;0;1;102;163;4;1;1;3;0;0;0;0;0;0;1;265;5;4;0;0;0
431;P;R2;358 C;1327;STROCJA VAS-LJUTOMER;1213;6;1165;24;18;0;0;0;0;2500;473;740;2;4;446;719;20;4;5;13;0;0;0;0;0;0;6;1165;24;18;0;0;0
429;O;R2;359;1328;POCEHOVA-ZG.KUNGOTA;4257;6;3970;44;124;87;18;8;0;6870;3888;369;5;1;3609;361;43;1;119;5;86;1;18;0;8;0;6;3970;44;124;87;18;8
553;O;R2;359;1329;ZG.KUNGOTA-JURIJ;853;9;822;7;13;2;0;0;0;5565;221;632;1;8;205;617;6;1;7;6;2;0;0;0;0;0;9;822;7;13;2;0;0
429;P;R2;359 A;1330;ZG.KUNGOTA-PLAC;247;0;232;2;7;5;1;0;0;5480;226;21;0;0;211;21;2;0;7;0;5;0;1;0;0;0;0;232;2;7;5;1;0
363;O;R2;360;1331;ZIHLAVA-ROGOZNICA(PTUJ);2321;4;2068;25;92;107;16;9;0;21035;2226;95;4;0;1973;95;25;0;92;0;107;0;16;0;9;0;4;2068;25;92;107;16;9
495;O;R2;361;1332;HOCE-POHORSKA VZPENJACA;864;7;794;17;26;11;9;0;0;16575;831;33;6;1;762;32;17;0;26;0;11;0;9;0;0;0;7;794;17;26;11;9;0
365;O;R2;362;1333;PODSREDA-BRESTANICA;995;3;848;29;61;25;13;16;0;16250;956;39;3;0;812;36;29;0;61;0;25;0;13;0;13;3;3;848;29;61;25;13;16
367;O;R1;362;1334;KRSKO-BREZICE;5993;12;5540;63;176;111;49;42;0;12880;5708;285;11;1;5273;267;56;7;169;7;111;0;48;1;40;2;12;5540;63;176;111;49;42
368;O;R1;362;1335;BREZICE-DOBOVA;3099;5;2843;22;111;64;31;23;0;6780;2311;788;4;1;2087;756;19;3;92;19;57;7;31;0;21;2;5;2843;22;111;64;31;23
369;P;R2;363;1337;IMPOLJCA-ZAVRATEC;437;2;401;12;13;7;2;0;0;4900;430;7;2;0;394;7;12;0;13;0;7;0;2;0;0;0;2;401;12;13;7;2;0
369;O;R2;363;1338;ZAVRATEC-SMEDNIK;579;2;533;16;17;9;2;0;0;8550;570;9;2;0;524;9;16;0;17;0;9;0;2;0;0;0;2;533;16;17;9;2;0
369;P;R2;363;1339;SMEDNIK-DRNOVO;491;2;451;14;14;8;2;0;0;8900;483;8;2;0;443;8;14;0;14;0;8;0;2;0;0;0;2;451;14;14;8;2;0
371;O;R2;363;1340;DRNOVO-KRIZAJ;2084;13;1908;19;63;56;12;13;0;5245;2044;40;13;0;1868;40;19;0;63;0;56;0;12;0;13;0;13;1908;19;63;56;12;13
372;O;R2;364;1341;PODZEMELJ-ADLESICI;602;0;561;4;17;19;1;0;0;9450;595;7;0;0;554;7;4;0;17;0;19;0;1;0;0;0;0;561;4;17;19;1;0
451;O;R2;364;1342;ADLESICI-VRHOVCI;953;1;909;9;13;18;0;3;0;3680;937;16;1;0;893;16;9;0;13;0;18;0;0;0;3;0;1;909;9;13;18;0;3
451;P;R2;364;1342;VRHOVCI-ZUNICI;404;0;386;4;5;8;0;1;3680;8740;397;7;0;0;379;7;4;0;5;0;8;0;0;0;1;0;0;386;4;5;8;0;1
373;O;R2;364;1342;ZUNICI-VINICA;649;0;618;5;9;14;3;0;8740;19070;621;28;0;0;590;28;5;0;9;0;14;0;3;0;0;0;0;618;5;9;14;3;0
508;O;R2;364;1342;ZUNICI-M.P. ZUNICI;80;0;76;0;4;0;0;0;19070;19730;45;35;0;0;41;35;0;0;4;0;0;0;0;0;0;0;0;76;0;4;0;0;0
374;O;R2;364;1343;VINICA-STARI TRG;376;0;360;0;8;8;0;0;0;21350;358;18;0;0;342;18;0;0;8;0;8;0;0;0;0;0;0;360;0;8;8;0;0
445;O;R2;364;1345;BOSLJIVA LOKA-OSILNICA;345;6;284;7;23;6;19;0;0;9520;339;6;6;0;278;6;7;0;23;0;6;0;19;0;0;0;6;284;7;23;6;19;0
375;P;R2;365;1346;LITIJA-SMARTNO;3308;37;3001;28;143;65;3;31;0;2670;3299;9;37;0;2995;6;28;0;143;0;65;0;3;0;28;3;37;3001;28;143;65;3;31
375;O;R2;365;1347;SMARTNO-RADOHOVA VAS;1061;12;962;9;46;21;1;10;0;14630;1058;3;12;0;960;2;9;0;46;0;21;0;1;0;9;1;12;962;9;46;21;1;10
375;P;R2;365;1348;GRM-BIC;199;2;180;2;9;4;0;2;0;2490;199;0;2;0;180;0;2;0;9;0;4;0;0;0;2;0;2;180;2;9;4;0;2
376;O;R1;366;1349;KAMNIK-LOCICA;3385;15;3085;27;121;89;17;31;0;28700;3308;77;15;0;3010;75;27;0;120;1;88;1;17;0;31;0;15;3085;27;121;89;17;31
377;O;R2;367;1350;ZG.DOLIC-STRANICE;1663;13;1416;24;81;88;26;15;0;19135;1634;29;13;0;1391;25;24;0;78;3;87;1;26;0;15;0;13;1416;24;81;88;26;15
439;O;R2;368;1351;LATKOVA VAS-TRBOVLJE;852;0;770;28;28;23;0;3;0;19830;852;0;0;0;770;0;28;0;28;0;23;0;0;0;3;0;0;770;28;28;23;0;3
668;O;R1;369;1352;RADLJE-M.P.RADLJE;1305;35;1265;0;0;3;0;2;0;5860;431;874;6;29;420;845;0;0;0;0;3;0;0;0;2;0;35;1265;0;0;3;0;2
378;O;R2;370;1353;RADLJE-RIBNICA;575;0;515;23;6;8;17;6;0;12300;575;0;0;0;515;0;23;0;6;0;8;0;17;0;6;0;0;515;23;6;8;17;6
378;P;R2;370;1354;RIBNICA-RIBNISKA KOCA;275;0;246;11;3;4;8;3;0;9710;275;0;0;0;246;0;11;0;3;0;4;0;8;0;3;0;0;246;11;3;4;8;3
379;O;R2;370;1355;RIBNICA-BREZNO;2223;8;2040;18;92;37;6;22;0;10440;2055;168;4;4;1889;151;16;2;86;6;37;0;6;0;17;5;8;2040;18;92;37;6;22
380;O;R1;371;1356;LJ(SMARTIN.)-SENTJAKOB;19398;29;17594;78;838;544;193;122;0;5260;19241;157;28;1;17454;140;78;0;834;4;543;1;192;1;112;10;29;17594;78;838;544;193;122
381;O;R1;371;1357;SENTJAKOB-DOMZALE;15316;63;13861;26;736;449;114;67;0;6180;15163;153;56;7;13745;116;26;0;726;10;440;9;113;1;57;10;63;13861;26;736;449;114;67
382;O;R1;371;1358;DOMZALE-DUPLICA;8910;15;8235;78;276;167;99;40;0;6090;8867;43;15;0;8193;42;78;0;275;1;167;0;99;0;40;0;15;8235;78;276;167;99;40
382;P;R1;371;1359;DUPLICA-KAMNIK;10197;17;9425;89;316;191;113;46;0;3735;10148;49;17;0;9377;48;89;0;315;1;191;0;113;0;46;0;17;9425;89;316;191;113;46
383;O;R2;372;1360;LJUBLJANA-IG;7081;24;6506;70;340;116;9;16;0;9530;7010;71;24;0;6439;67;70;0;340;0;112;4;9;0;16;0;24;6506;70;340;116;9;16
700;P;R2;372;1362;RAKITNA-CERKNICA;405;7;364;9;12;8;4;1;0;18300;404;1;7;0;363;1;9;0;12;0;8;0;4;0;1;0;7;364;9;12;8;4;1
385;O;R2;373;1363;SODRAZICA-HRIB;597;0;538;8;24;15;0;12;0;11150;592;5;0;0;534;4;8;0;23;1;15;0;0;0;12;0;0;538;8;24;15;0;12
506;O;R2;373;1364;HRIB-PODPLANINA;52;0;52;0;0;0;0;0;0;18860;30;22;0;0;30;22;0;0;0;0;0;0;0;0;0;0;0;52;0;0;0;0;0
386;O;R2;374;1365;BLOSKA POLICA-PUDOB;2513;0;2302;54;47;72;19;19;0;8200;2402;111;0;0;2200;102;54;0;46;1;69;3;19;0;14;5;0;2302;54;47;72;19;19
384;O;R2;374;1366;PUDOB-BABNO POLJE;601;6;551;29;8;4;0;3;0;10460;272;329;0;6;240;311;29;0;1;7;2;2;0;0;0;3;6;551;29;8;4;0;3
387;O;R1;375;1367;IVANCNA GORICA-KRKA;5192;11;4790;67;147;90;37;50;0;7100;5136;56;10;1;4738;52;66;1;145;2;90;0;37;0;50;0;11;4790;67;147;90;37;50
388;O;R2;375;1368;MLACEVO-RASICA;1316;0;1205;24;45;10;31;1;0;19115;1311;5;0;0;1200;5;24;0;45;0;10;0;31;0;1;0;0;1205;24;45;10;31;1
389;P;R2;376;1369;LJUBLJANICA-POL.GRADEC;617;1;568;11;19;11;5;2;0;9100;612;5;1;0;563;5;11;0;19;0;11;0;5;0;2;0;1;568;11;19;11;5;2
389;O;R2;376;1369;POL.GRADEC-DOBRAVA;2143;4;1974;37;66;37;18;7;9100;19500;2125;18;4;0;1956;18;37;0;66;0;37;0;18;0;7;0;4;1974;37;66;37;18;7
389;P;R2;376;1369;DOBRAVA-LJ.VIC;4488;9;4133;77;139;77;38;15;19500;24910;4450;38;9;0;4095;38;77;0;139;0;77;0;38;0;15;0;9;4133;77;139;77;38;15
390;O;R2;377;1370;D.TREBUSA-SP.IDRIJA;212;18;181;0;7;3;0;3;0;22720;199;13;5;13;181;0;0;0;7;0;3;0;0;0;3;0;18;181;0;7;3;0;3
390;P;R2;377;1371;PECNIK-ZIRI;471;40;401;0;16;7;0;7;0;10500;442;29;11;29;401;0;0;0;16;0;7;0;0;0;7;0;40;401;0;16;7;0;7
392;P;R2;378;1372;POSTOJNA-UNEC;538;1;460;17;32;22;4;2;0;6120;534;4;1;0;456;4;17;0;32;0;22;0;4;0;2;0;1;460;17;32;22;4;2
392;O;R2;378;1373;RAKEK-LOGATEC;486;1;415;15;29;20;4;2;0;14140;482;4;1;0;411;4;15;0;29;0;20;0;4;0;2;0;1;415;15;29;20;4;2
393;O;R2;378;1374;LOGATEC-ZIRI;1236;4;1109;25;35;36;18;9;0;21385;1226;10;3;1;1100;9;25;0;35;0;36;0;18;0;9;0;4;1109;25;35;36;18;9
394;O;R2;378;1375;ZIRI-TREBIJA;2079;19;1803;44;101;71;25;16;0;7350;2039;40;15;4;1767;36;44;0;101;0;71;0;25;0;16;0;19;1803;44;101;71;25;16
226;P;R2;379;1376;IL.BISTRICA-GRDA DRAGA;96;2;89;1;2;2;0;0;0;21000;91;5;2;0;84;5;1;0;2;0;2;0;0;0;0;0;2;89;1;2;2;0;0
396;O;R2;380;1378;IL.BISTRICA-ZABICE;2301;5;2190;18;54;19;9;6;0;12000;2255;46;5;0;2146;44;18;0;53;1;19;0;9;0;5;1;5;2190;18;54;19;9;6
396;P;R2;380;1378;ZABICE-NOVOKRACINE;210;0;200;2;5;2;1;0;12000;20090;206;4;0;0;196;4;2;0;5;0;2;0;1;0;0;0;0;200;2;5;2;1;0
397;O;R2;381;1379;PODGRAD-IL.BISTRICA;2830;7;2610;23;70;41;12;67;0;11000;2672;158;6;1;2472;138;23;0;63;7;39;2;10;2;59;8;7;2610;23;70;41;12;67
398;O;R2;381;1380;IL.BISTRICA-PIVKA;2643;9;2416;36;106;57;8;11;0;16942;2394;249;8;1;2185;231;31;5;97;9;56;1;7;1;10;1;9;2416;36;106;57;8;11
120;P;R2;382;1381;VALETA-PIRAN;8500;23;7577;45;422;276;85;72;0;4090;8420;80;23;0;7510;67;44;1;419;3;275;1;83;2;66;6;23;7577;45;422;276;85;72
226;P;R2;383;1382;KASTELEC-SOCERB;255;5;235;3;7;5;0;0;0;3960;241;14;5;0;221;14;3;0;7;0;5;0;0;0;0;0;5;235;3;7;5;0;0
211;P;R2;384;1383;KRAJE-MOJSTRANA;536;28;491;5;4;5;3;0;0;2500;484;52;23;5;444;47;5;0;4;0;5;0;3;0;0;0;28;491;5;4;5;3;0
211;P;R2;384;1383;MOJSTRANA-VRATA;54;3;49;1;0;1;0;0;2500;12000;48;6;2;1;44;5;1;0;0;0;1;0;0;0;0;0;3;49;1;0;1;0;0
401;O;R2;386;1384;ZAVRATEC-SKOCJAN;1058;1;985;13;29;23;4;3;0;10760;1052;6;1;0;979;6;13;0;29;0;23;0;4;0;3;0;1;985;13;29;23;4;3
402;O;R2;386;1385;ZBURE-MACKOVEC;2372;1;2152;43;77;73;11;15;0;13820;2344;28;1;0;2128;24;42;1;75;2;72;1;11;0;15;0;1;2152;43;77;73;11;15
403;O;R2;390;1407;DEKANI-ANKARAN;9576;37;9103;59;240;92;39;6;0;6000;8134;1442;26;11;7687;1416;56;3;229;11;91;1;39;0;6;0;37;9103;59;240;92;39;6
650;O;R2;390;1407;ANKARAN-M.P.LAZARET;1807;0;1723;0;84;0;0;0;6000;8800;988;819;0;0;904;819;0;0;84;0;0;0;0;0;0;0;0;1723;0;84;0;0;0
336;P;R2;346;1440;MEJA HRVASKA-ROGATEC;1100;2;1004;9;35;35;15;0;0;180;1072;28;2;0;976;28;9;0;35;0;35;0;15;0;0;0;2;1004;9;35;35;15;0
317;P;R1;337;1410;POLJCANE;4961;0;4477;67;163;147;100;7;0;620;4866;95;0;0;4382;95;67;0;163;0;147;0;100;0;7;0;0;4477;67;163;147;100;7
712;P;R1;371 A;1435;KAJUHOVA CESTA;22000;26;19403;27;1083;670;253;538;0;2300;21602;398;24;2;19162;241;25;2;1067;16;657;13;246;7;421;117;26;19403;27;1083;670;253;538
700;O;R2;372;1436;PRESERJE-RAKITNA;948;16;850;21;29;20;9;3;0;11600;945;3;16;0;847;3;21;0;29;0;20;0;9;0;3;0;16;850;21;29;20;9;3
497;P;R2;387;1412;PODKRAJ-COL;465;2;429;2;10;6;10;6;15000;20130;450;15;2;0;414;15;2;0;10;0;6;0;10;0;6;0;2;429;2;10;6;10;6
209;O;R1;301 I;1437;AJSEVICA-NOVA GORICA;7122;43;6360;32;258;164;69;196;0;4200;6846;276;33;10;6124;236;31;1;253;5;164;0;67;2;174;22;43;6360;32;258;164;69;196
706;P;R2;344;1438;CELJE-TEHARJE;6474;22;5684;74;259;228;96;111;0;2850;6373;101;22;0;5604;80;74;0;256;3;227;1;96;0;94;17;22;5684;74;259;228;96;111
353;P;R1;353;1415;KRIZEVCI;5355;31;4692;77;209;251;46;49;0;700;4824;531;31;0;4207;485;75;2;187;22;241;10;44;2;39;10;31;4692;77;209;251;46;49
137;P;R1;355;1416;MURSKA SOBOTA;8064;2;7349;203;166;231;78;35;0;750;7588;476;2;0;6910;439;182;21;161;5;229;2;78;0;26;9;2;7349;203;166;231;78;35
120;P;R1;346;1417;PTUJ-ROGOZNICA;11000;30;9807;58;545;357;110;93;0;1930;10899;101;30;0;9721;86;57;1;542;3;356;1;107;3;86;7;30;9807;58;545;357;110;93
317;P;R2;337;1418;ZICE;2867;0;2587;39;94;85;58;4;0;670;2812;55;0;0;2532;55;39;0;94;0;85;0;58;0;4;0;0;2587;39;94;85;58;4
166;O;R1;342;1419;PESJE-VELENJE;13695;73;11915;235;671;538;119;144;0;3790;13654;41;73;0;11875;40;234;1;671;0;538;0;119;0;144;0;73;11915;235;671;538;119;144
130;O;M2; 10-8;1420;ARJA VAS;4821;14;4138;30;194;271;68;106;0;2180;4699;122;13;1;4033;105;30;0;189;5;269;2;68;0;97;9;14;4138;30;194;271;68;106
412;P;R1;338;1421;BISTRICA OB SOTLI;1323;0;1154;22;69;27;21;30;0;720;1148;175;0;0;1001;153;22;0;60;9;26;1;20;1;19;11;0;1154;22;69;27;21;30
320;O;R2;339;1422;DOBRNA-CRNOVA;3172;9;2938;19;112;72;19;3;0;3400;3115;57;9;0;2882;56;19;0;112;0;71;1;19;0;3;0;9;2938;19;112;72;19;3
322;O;R2;341 B;1423;KOTLJE-SLOVENJ GRADEC;4397;32;4232;25;39;59;10;0;0;11154;4313;84;32;0;4148;84;25;0;39;0;59;0;10;0;0;0;32;4232;25;39;59;10;0
382;P;R1;371;1424;KAMNIK-MEKINJE;6798;11;6283;59;211;127;76;31;0;700;6765;33;11;0;6251;32;59;0;210;1;127;0;76;0;31;0;11;6283;59;211;127;76;31
375;P;R2;365;1425;GRM;926;10;840;8;40;18;1;9;0;750;923;3;10;0;838;2;8;0;40;0;18;0;1;0;8;1;10;840;8;40;18;1;9
219;O;R1;305 D;1426;SOLKAN-GONJACE;3499;14;3219;21;132;66;12;35;0;10630;3297;202;14;0;3022;197;21;0;128;4;65;1;12;0;35;0;14;3219;21;132;66;12;35
702;O;R1;311 A;1427;MLINI-SECOVLJE;2328;12;2168;23;67;53;3;2;0;3050;1554;774;10;2;1412;756;20;3;57;10;51;2;3;0;1;1;12;2168;23;67;53;3;2
51;O;R2;321 E;1428;NAKLO-MARINSEK;7714;16;6603;150;340;433;113;59;0;1900;7618;96;16;0;6508;95;150;0;340;0;433;0;113;0;58;1;16;6603;150;340;433;113;59
708;O;R2;321 E;1428;MARINSEK-PODTABOR;3071;19;2748;51;111;107;6;29;1900;7160;3025;46;19;0;2703;45;51;0;111;0;107;0;5;1;29;0;19;2748;51;111;107;6;29
707;O;R2;321 E;1429;GOBOVCE-CRNIVEC;1455;12;1328;41;56;18;0;0;0;6330;1423;32;12;0;1296;32;41;0;56;0;18;0;0;0;0;0;12;1328;41;56;18;0;0
327;O;R2;343;1430;PESEK-ZRECE;210;0;205;0;3;2;0;0;0;3500;196;14;0;0;191;14;0;0;3;0;2;0;0;0;0;0;0;205;0;3;2;0;0
704;O;R2;343;1430;ZRECE-ZECE;1263;3;1184;24;27;19;5;1;3500;21400;1258;5;3;0;1179;5;24;0;27;0;19;0;5;0;1;0;3;1184;24;27;19;5;1
706;O;R1;343 B;1431;MARIBOR-RUSE;10020;34;8801;114;400;352;148;171;0;11163;9865;155;34;0;8677;124;114;0;396;4;351;1;148;0;145;26;34;8801;114;400;352;148;171
312;O;R2;326;1441;LOKE-LEDINSCICA;347;2;330;0;10;5;0;0;0;10080;345;2;2;0;328;2;0;0;10;0;5;0;0;0;0;0;2;330;0;10;5;0;0
336;P;R2;346;1440;MEJA HRVASKA-ROGATEC;1100;2;1004;9;35;35;15;0;0;180;1072;28;2;0;976;28;9;0;35;0;35;0;15;0;0;0;2;1004;9;35;35;15;0
712;P;R1;371 A;1435;KAJUHOVA CESTA;22000;26;19403;27;1083;670;253;538;0;2300;21602;398;24;2;19162;241;25;2;1067;16;657;13;246;7;421;117;26;19403;27;1083;670;253;538
700;O;R2;372;1436;PRESERJE-RAKITNA;948;16;850;21;29;20;9;3;0;11600;945;3;16;0;847;3;21;0;29;0;20;0;9;0;3;0;16;850;21;29;20;9;3
209;O;R1;301 I;1437;AJSEVICA-NOVA GORICA;7122;43;6360;32;258;164;69;196;0;4200;6846;276;33;10;6124;236;31;1;253;5;164;0;67;2;174;22;43;6360;32;258;164;69;196
706;P;R2;344;1438;CELJE-TEHARJE;6474;22;5684;74;259;228;96;111;0;2850;6373;101;22;0;5604;80;74;0;256;3;227;1;96;0;94;17;22;5684;74;259;228;96;111
700;O;R2;372;1436;PRESERJE-RAKITNA;948;16;850;21;29;20;9;3;0;11600;945;3;16;0;847;3;21;0;29;0;20;0;9;0;3;0;16;850;21;29;20;9;3
336;P;R2;346;1440;MEJA HRVASKA-ROGATEC;1100;2;1004;9;35;35;15;0;0;180;1072;28;2;0;976;28;9;0;35;0;35;0;15;0;0;0;2;1004;9;35;35;15;0
312;O;R2;326;1441;LOKE-LEDINSCICA;347;2;330;0;10;5;0;0;0;10080;345;2;2;0;328;2;0;0;10;0;5;0;0;0;0;0;2;330;0;10;5;0;0
120;P;R1;333 A;1442;NOVO M.(KANDIJA-OBCINA);11100;30;9897;58;550;360;111;94;0;310;10998;102;30;0;9810;87;57;1;547;3;359;1;108;3;87;7;30;9897;58;550;360;111;94
288;P;R2;331;1443;SMARJE-SAP - CIKAVA;2426;1;2030;63;116;51;161;4;0;2800;2407;19;1;0;2011;19;63;0;116;0;51;0;161;0;4;0;1;2030;63;116;51;161;4
288;P;R2;331;1444;CIKAVA - GROSUPLJE;2426;1;2030;63;116;51;161;4;0;2000;2407;19;1;0;2011;19;63;0;116;0;51;0;161;0;4;0;1;2030;63;116;51;161;4
131;P;M1; 10-8;1445;SL.GRADEC(OBVOZNICA);6356;31;5487;143;204;251;87;153;0;1910;6139;217;31;0;5282;205;143;0;200;4;251;0;87;0;145;8;31;5487;143;204;251;87;153
524;O;R2;356 A;1446;M.P.MARTINJE-MARTINJE;123;0;123;0;0;0;0;0;0;310;52;71;0;0;52;71;0;0;0;0;0;0;0;0;0;0;0;123;0;0;0;0;0
203;P;R1;301;1447;NOVA GORICA - SEMPETER;8080;36;7428;59;309;138;53;57;0;2000;7697;383;29;7;7063;365;59;0;301;8;137;1;53;0;55;2;36;7428;59;309;138;53;57
465;P;R2;391;3611;STALCERJI-B.LOKA;125;0;105;4;7;1;8;0;0;11800;122;3;0;0;102;3;4;0;7;0;1;0;8;0;0;0;0;105;4;7;1;8;0
465;O;R2;391;3611;BOROVEC - BANJA LOKA;200;0;167;7;11;2;13;0;11800;11800;195;5;0;0;162;5;7;0;11;0;2;0;13;0;0;0;0;167;7;11;2;13;0
465;P;R2;391;3619;BOROVEC - DRAGARJI;20;0;17;1;1;0;1;0;0;4000;20;0;0;0;17;0;1;0;1;0;0;0;1;0;0;0;0;17;1;1;0;1;0
385;P;R2;391;6643;DOL. VAS - GOTEN. - KOC. REKA;1200;0;1079;16;49;31;0;25;0;16650;1190;10;0;0;1071;8;16;0;47;2;31;0;0;0;25;0;0;1079;16;49;31;0;25
168;P;R1;342 A;7949;GORENJE - RECICA - LETUS;3000;32;2681;28;87;81;47;44;0;5755;2982;18;31;1;2664;17;28;0;87;0;81;0;47;0;44;0;32;2681;28;87;81;47;44
