st_mesto;priv_stm;st_tocka;CESTA;ODSEK;OPIS;PLDP;Motorji;Osebna vozila;Avtobusi;Lahka tov. < 3t;Sr. tov.  3-7t;Tez. tov. nad 7t;Tov. s prik.;STAC_ZAC;STAC_KON;PLDP_D;PLDP_T;MO_D;MO_T;OA_D;OA_T;BUS_D;BUS_T;LT_D;LT_T;ST_D;ST_T;TT_D;TT_T;TP_D;TP_T;TR;KO
674;O;100;A1;0030;M.P.SENTILJ-SENTILJ;8238;33;8205;0;0;0;0;0;0;1230;1502;6736;5;28;1497;6708;0;0;0;0;0;0;0;0;0;0;0;0
837;O;7560;A1;0031;SENTILJ - PESNICA;10096;39;9233;69;115;75;232;333;0;9960;3625;6471;9;30;3137;6096;11;58;109;6;36;39;190;42;133;200;0;0
802;P;;A1;0034;SLIVNICA;21332;30;18548;266;205;720;537;1026;0;1700;19492;1840;29;1;17502;1046;242;24;202;3;709;11;515;22;293;733;0;0
802;O;0;A1;0035;SLIVNICA-FRAM;21332;30;17258;266;1545;670;537;1026;0;1910;19447;1885;29;1;15707;1551;242;24;1492;53;649;21;515;22;813;213;0;0
802;P;;A1;0036;FRAM-SL.BISTRICA;19000;27;16521;236;183;642;478;913;0;9740;17362;1638;26;1;15590;931;215;21;180;3;632;10;458;20;261;652;0;0
838;O;8000;A1;0037;SL.BISTRICA-SL.KONJICE;13909;14;11419;74;575;365;319;1143;0;9110;12127;1782;9;5;10282;1137;64;10;563;12;345;20;212;107;652;491;0;0
838;P;;A1;0038;SL.KONJICE-DRAMLJE;16190;17;13497;87;684;658;149;1098;0;10880;14147;2043;11;6;12174;1323;75;12;656;28;634;24;141;8;456;642;0;0
65;O;50;A1;0136;PRIKLJ. SL. KONJICE;1560;18;1321;4;76;71;25;45;0;150;1509;51;18;0;1279;42;3;1;75;1;71;0;25;0;38;7;0;0
66;O;150;A1;0136;PRIKLJ. SL. KONJICE;2280;4;2020;4;115;81;16;40;150;1670;2246;34;4;0;1988;32;4;0;114;1;81;0;16;0;39;1;0;0
838;P;;A1;0039;DRAMLJE-CELJE;16500;17;13758;88;696;670;152;1119;0;8440;14418;2082;11;6;12409;1349;76;12;668;28;646;24;144;8;464;655;0;0
648;O;2500;A1;0040;CELJE-ARJA VAS;21976;43;16796;393;1671;964;626;1483;0;7508;19800;2176;40;3;15234;1562;370;23;1620;51;940;24;571;55;1025;458;0;0
839;P;;A1;0041;ARJA VAS-SENTRUPERT;15500;24;13062;84;543;488;106;1193;0;9646;13586;1914;19;5;11900;1162;62;22;521;22;463;25;101;5;520;673;0;0
839;O;5600;A1;0042;SENTRUPERT-VRANSKO;15171;24;12525;82;450;512;410;1168;0;7889;13230;1941;19;5;11247;1278;60;22;398;52;488;24;359;51;659;509;0;0
839;P;;A1;0043;VRANSKO-LOCICA;20000;31;16856;108;700;629;137;1539;0;2510;17533;2467;25;6;15357;1499;80;28;672;28;597;32;131;6;671;868;0;0
179;P;;A1;0048;ZADOBROVA-ZALOSKA;24000;32;22339;20;270;794;316;229;0;1435;23528;472;31;1;22097;242;20;0;270;0;794;0;316;0;0;229;0;0
180;P;;A1;0049;ZALOSKA-LITIJSKA;24000;19;21440;29;308;1258;460;486;0;1265;23767;233;18;1;21208;232;29;0;308;0;1258;0;460;0;486;0;0;0
180;O;1600;A1;0050;LITIJSKA-MALENCE;24613;20;21987;30;316;1290;472;498;0;3935;24374;239;19;1;21749;238;30;0;316;0;1290;0;472;0;498;0;0;0
178;P;;A1;0619;MALENCE - LJ(DOLENJSKA C.);35000;57;30736;129;522;1931;500;1125;0;380;31965;3035;20;37;28728;2008;96;33;502;20;1889;42;477;23;253;872;0;0
178;P;;A1;0618;LJ(DOLENJSKA - BARJANSKA);33000;53;28981;121;492;1820;472;1061;0;3940;30139;2861;18;35;27088;1893;90;31;473;19;1781;39;450;22;239;822;0;0
178;O;1260;A1;0617;LJ(BARJANSKA - VIC);33287;54;27315;122;2414;1836;476;1070;0;2760;30990;2297;19;35;25479;1836;91;31;2322;92;1796;40;454;22;829;241;0;0
178;P;;A1;0616; LJ(VIC - KOZARJE);46000;75;40397;169;685;2538;658;1478;0;880;42012;3988;26;49;37758;2639;126;43;659;26;2483;55;627;31;333;1145;0;0
170;P;;A1;0051;LJ(KOZARJE)-BREZOVICA;40000;75;36129;132;441;1262;693;1268;0;2300;36861;3139;62;13;34097;2032;118;14;425;16;1235;27;658;35;266;1002;0;0
800;O;6150;A1;52;BREZOVICA-VRHNIKA;30382;100;26596;223;1057;252;500;1654;0;12405;23420;6962;50;50;20681;5915;138;85;962;95;218;34;443;57;928;726;0;0
800;P;;A1;53;VRHNIKA-LOGATEC;27072;90;24329;199;745;403;152;1154;0;8285;20677;6395;45;45;18791;5538;123;76;660;85;373;30;128;24;557;597;0;0
800;P;;A1;54;LOGATEC-UNEC;25111;82;22569;184;691;374;140;1071;0;10420;19181;5930;41;41;17433;5136;114;70;612;79;346;28;118;22;517;554;0;0
807;P;;A1;55;UNEC-POSTOJNA;23149;60;20055;154;703;403;226;1548;0;11380;17218;5931;28;32;15268;4787;87;67;618;85;372;31;163;63;682;866;0;0
807;O;9500;A1;56;POSTOJNA-RAZDRTO;18246;48;14924;122;867;377;429;1479;0;11140;13906;4340;22;26;11451;3473;69;53;840;27;353;24;329;100;842;637;0;0
812;O;1900;A1;57;RAZDRTO - SENOZECE;15590;47;12739;147;750;382;342;1183;0;5450;12162;3428;17;30;9938;2801;98;49;702;48;356;26;292;50;759;424;0;0
812;P;;A1;58;SENOZECE -  GABRK;13000;39;11105;122;375;286;252;821;0;4385;10191;2809;14;25;8770;2335;81;41;335;40;264;22;177;75;550;271;0;0
814;O;1430;A1;59; GABRK - DIVACA;13273;66;11171;97;653;303;211;772;0;2790;10968;2305;28;38;9244;1927;61;36;631;22;286;17;186;25;532;240;0;1
814;P;;A1;60;DIVACA-KOZINA;13300;67;11518;84;432;350;163;686;0;6310;11003;2297;29;38;9566;1952;62;22;381;51;338;12;128;35;499;187;0;1
11;P;;A1;236;DEKANI-BERTOKI;37000;131;34073;212;1109;508;434;533;0;2180;34674;2326;118;13;31898;2175;194;18;1062;47;502;6;395;39;505;28;0;3
11;O;2000;A1;237;BERTOKI-SKOCJAN;41624;147;38332;238;1247;572;488;600;0;2500;39007;2617;133;14;35885;2447;218;20;1194;53;565;7;444;44;568;32;0;3
673;O;2000;A2;1;M.P.KARAVANKE-HRUSICA;4051;20;3358;44;180;128;126;195;0;5360;1203;2848;1;19;720;2638;17;27;130;50;108;20;89;37;138;57;0;0
646;P;;A2;2;HRUSICA-LIPCE;12500;92;11241;71;399;256;218;223;0;7168;8411;4089;20;72;7551;3690;30;41;331;68;238;18;175;43;66;157;0;0
646;O;2000;A2;3;LIPCE-LESCE;13011;95;11703;73;415;267;226;232;0;6360;8850;4161;20;75;7862;3841;31;42;344;71;248;19;182;44;163;69;0;0
851;O;1300;A2;7;KRANJ Z-KRANJ V;17041;83;15430;93;555;326;141;413;0;5704;14582;2459;56;27;13095;2335;77;16;521;34;323;3;134;7;376;37;0;0
850;P;;A2;8;KRANJ V - BRNIK;16800;47;16060;74;314;99;31;175;0;3887;13148;3652;18;29;12628;3432;41;33;267;47;90;9;26;5;78;97;0;0
850;O;3700;A2;9;BRNIK - VODICE;16670;46;15936;73;248;98;94;175;0;5250;13106;3564;18;28;12531;3405;40;33;242;6;89;9;89;5;97;78;0;0
850;P;;A2;10;VODICE -LJ( SMARTNO);24300;67;23229;107;454;143;46;254;0;6968;19017;5283;26;41;18265;4964;59;48;386;68;130;13;38;8;113;141;0;0
852;O;500;A2;11;LJ(SMARTNO -  BROD);25700;58;23603;205;887;365;136;446;0;2375;23107;2593;40;18;21250;2353;143;62;834;53;360;5;128;8;352;94;0;0
852;P;;A2;12;LJ(BROD-SENTVID);22500;51;20664;179;777;320;119;390;0;915;20230;2270;35;16;18604;2060;125;54;731;46;315;5;112;7;308;82;0;0
170;O;1200;A2;14;LJ(KOSEZE - BRDO);69965;130;58684;232;5280;2209;1212;2218;0;1850;65762;4203;108;22;55287;3397;207;25;5095;185;2161;48;1151;61;1753;465;0;0
170;P;;A2;15;LJ(BRDO - KOZARJE);65500;122;59160;218;722;2068;1134;2076;0;2400;60358;5142;101;21;55832;3328;194;24;696;26;2023;45;1077;57;435;1641;0;0
645;O;0;A2;20;MALENCE - SMARJE-SAP;30587;40;25860;361;2107;926;373;920;0;6298;27379;3208;34;6;23140;2720;311;50;2025;82;888;38;355;18;626;294;0;0
645;P;;A2;21;SMARJE SAP-GROSUPLJE;31000;41;28081;366;262;938;379;933;0;3869;28341;2659;34;7;26264;1817;315;51;251;11;920;18;360;19;197;736;0;0
645;P;;A2;22;GROSUPLJE-VISNJA GORA;23000;30;20835;271;194;697;281;692;0;7900;21028;1972;25;5;19487;1348;234;37;186;8;683;14;267;14;146;546;0;0
813;O;1720;A3;68;DIVACA-SEZANA V;5483;5;4626;49;129;50;118;506;0;7050;4165;1318;3;2;3640;986;36;13;123;6;41;9;95;23;227;279;0;0
653;P;;A3;69;SEZANA V - SEZANA Z;7000;32;6211;210;547;0;0;0;0;2692;3163;3837;8;24;2615;3596;79;131;461;86;0;0;0;0;0;0;0;0
653;O;1570;A3;70;SEZANA Z - FERNETICI;6668;30;5917;200;521;0;0;0;0;1570;3012;3656;7;23;2491;3426;75;125;439;82;0;0;0;0;0;0;0;0
653;B;1570;A3;372;KAMIONSKA C. FERNETCI;808;0;0;0;0;102;80;626;0;1660;458;350;0;0;0;0;0;0;0;0;88;14;40;40;330;296;38;0
50;O;3600;H1;1462;CRNIVEC-PODTABOR;22610;104;20241;271;802;562;245;385;0;5840;18637;3973;49;55;16587;3654;235;36;729;73;538;24;196;49;303;82;0;0
647;O;5000;H1;209;PODTABOR-KRANJ Z;25421;81;22401;399;1494;353;240;453;0;7300;21246;4175;31;50;18608;3793;349;50;1315;179;336;17;192;48;415;38;0;0
601;O;800;H1;218;VISNJA G.-IVANCNA GOR.;22135;31;19437;164;735;459;406;903;0;5170;18875;3260;27;4;16702;2735;114;50;624;111;423;36;389;17;596;307;0;0
55;P;;H1;219;IVANCNA GORICA-BIC;14000;27;11668;152;658;398;294;803;0;6915;10666;3334;23;4;8843;2825;105;47;546;112;357;41;281;13;511;292;0;0
55;O;8000;H1;220;BIC-TREBNJE;13960;27;11648;152;658;398;294;783;0;10465;10636;3324;23;4;8823;2825;105;47;546;112;357;41;281;13;501;282;0;0
634;O;7000;H1;221;TREBNJE-KARTELJEVO;13582;20;11167;206;858;311;233;787;0;14730;10378;3204;20;0;8417;2750;158;48;776;82;277;34;214;19;516;271;0;0
634;P;;H1;222;KARTELJEVO-MACKOVEC;7000;10;6153;107;45;160;120;405;0;4025;5212;1788;10;0;4651;1502;82;25;35;10;143;17;100;20;191;214;0;0
634;P;;H1;223;MACKOVEC-OTOCEC;12000;18;10549;183;75;274;206;695;0;4200;8934;3066;18;0;7974;2575;140;43;59;16;244;30;172;34;327;368;0;0
602;O;6650;H1;224;OTOCEC-DOBRUSKA VAS;11572;18;9479;118;735;362;192;668;0;8025;8222;3350;15;3;6603;2876;84;34;617;118;332;30;178;14;393;275;0;0
602;P;;H1;225;DOBRUSKA VAS-SMEDNIK;11600;18;10138;118;100;363;193;670;0;6165;8124;3476;15;3;7153;2985;84;34;84;16;333;30;179;14;276;394;0;0
602;P;;H1;226;SMEDNIK-DRNOVO;11600;18;10138;118;100;363;193;670;0;7475;8124;3476;15;3;7153;2985;84;34;84;16;333;30;179;14;276;394;0;0
58;O;1500;H1;227;DRNOVO-CATEZ;7900;18;6699;76;404;146;80;477;0;11440;4709;3191;14;4;3973;2726;43;33;248;156;114;32;69;11;248;229;2;0
58;P;;H1;228;CATEZ-MOKRICE;9000;21;7630;87;404;224;90;544;0;6955;5306;3694;16;5;4410;3220;49;38;283;121;187;37;78;12;283;261;2;0
511;O;2000;H1;229;MOKRICE-OBREZJE;6444;2;5880;71;113;77;24;277;0;2020;1587;4857;1;1;1349;4531;23;48;54;59;46;31;14;10;100;177;0;0
16;O;900;H2;32;PESNICA-MARIBOR;30030;74;26784;117;1051;570;301;1133;0;4630;25840;4190;53;21;23240;3544;89;28;931;120;543;27;257;44;727;406;0;1
15;O;1300;H2;33;MARIBOR-TEZNO;33180;69;28444;190;1737;1016;523;1201;0;2665;26955;6225;60;9;23034;5410;156;34;1615;122;972;44;487;36;631;570;0;0
179;O;1000;H3;85;ZADOBROVA -  LJ( SMARTINSKA);23152;31;20565;19;1245;766;305;221;0;1455;22918;234;30;1;20332;233;19;0;1245;0;766;0;305;0;221;0;0;0
174;P;;H3;86;LJ(SMARTINSKA-TOMACEVO);35000;56;31817;72;354;1069;543;1089;0;2086;33174;1826;50;6;30528;1289;57;15;347;7;1040;29;525;18;627;462;0;0
174;P;;H3;88;LJ(TOMACEVO - DUNAJSKA);70000;113;63634;143;708;2138;1086;2178;0;1140;66017;3983;101;12;61055;2579;113;30;693;15;2080;58;1051;35;924;1254;0;0
174;O;1500;H3;89;LJ(DUNAJSKA - CELOVSKA);59449;96;50812;122;3831;1816;922;1850;0;2650;56347;3102;86;10;48686;2126;96;26;3755;76;1767;49;892;30;1065;785;0;0
170;P;;H3;90;LJ(CELOVSKA - KOSEZE);66500;123;60065;221;732;2099;1152;2108;0;1880;61281;5219;102;21;56686;3379;197;24;706;26;2054;45;1094;58;442;1666;0;0
209;P;;H4;442;ZACASNI PRIKLJUCEK SELO;12000;73;10717;54;434;276;116;330;0;330;11535;465;56;17;10319;398;52;2;426;8;276;0;113;3;293;37;115;22
816;P;;H4;376;SELO;12000;29;9562;33;473;413;197;1293;0;660;10644;1356;16;13;8845;717;28;5;445;28;394;19;161;36;755;538;0;3
816;O;500;H4;378;SELO - VOGRSKO;7870;18;6271;22;311;270;130;848;0;6730;6981;889;10;8;5801;470;19;3;292;19;258;12;106;24;495;353;0;2
815;O;4000;H4;379;VOGRSKO-NOVA GORICA;3309;13;2346;7;82;105;120;636;0;4780;2497;812;4;9;1960;386;5;2;73;9;92;13;66;54;297;339;0;0
671;O;2000;H4;380;NOVA GORICA-MP VRTOJBA;5263;13;5073;13;164;0;0;0;0;2200;1909;3354;6;7;1790;3283;6;7;107;57;0;0;0;0;0;0;0;0
671;B;2000;H4;1467;KAMIONSKA CESTA VRTOJBA;1307;0;0;0;0;135;142;1030;0;1878;481;826;0;0;0;0;0;0;0;0;96;39;51;91;334;696;0;0
663;O;100;1;240;M.P.VIC-DRAVOGRAD;1590;9;1517;12;15;15;0;22;0;3590;362;1228;1;8;324;1193;7;5;12;3;8;7;0;0;10;12;0;0
60;O;2700;1;241;DRAVOGRAD-RADLJE;7490;34;6532;119;396;247;113;49;0;16480;7316;174;34;0;6375;157;119;0;394;2;245;2;107;6;42;7;5;25
60;P;;1;242;RADLJE;7790;35;6794;124;412;256;118;51;0;2350;7616;174;35;0;6630;164;124;0;410;2;254;2;112;6;51;0;5;26
605;O;7750;1;243;RADLJE-BREZNO;4227;16;3617;54;238;126;84;92;0;9000;4062;165;9;7;3480;137;51;3;236;2;124;2;77;7;85;7;0;0
605;P;;1;244;BREZNO-RUTA;4300;16;3875;55;48;128;85;93;0;9500;3956;344;9;7;3575;300;52;3;46;2;124;4;78;7;72;21;0;0
61;P;;1;245;RUTA-SELNICA;6200;25;5547;55;208;160;128;77;0;10500;6079;121;23;2;5441;106;53;2;206;2;159;1;126;2;71;6;25;89
61;O;10550;1;245;SELNICA-MB(OTOK);7743;31;6929;69;259;200;159;96;10500;20120;7589;154;29;2;6797;132;66;3;257;2;199;1;152;7;89;7;31;111
61;P;;1;245;MB(OTOK)-MB(KOROSKI MOST);11500;46;10292;102;385;297;236;142;20120;20900;11280;220;43;3;10096;196;98;4;382;3;296;1;233;3;132;10;46;165
165;P;;1;1468;MB(KOROSKI MOST - TITOVA);12500;78;11437;283;492;160;34;16;0;4760;12371;129;75;3;11313;124;282;1;491;1;160;0;34;0;16;0;316;25
606;O;12850;1;246;MB(TITOVA)-HAJDINA;13936;22;12268;286;616;254;126;364;0;20780;8863;5073;21;1;7861;4407;227;59;279;337;207;47;98;28;170;194;0;0
196;O;5500;2;1290;SL.BISTRICA-PRAGERSKO;6006;21;4863;29;294;296;103;400;0;7300;5606;400;21;0;4668;195;28;1;293;1;292;4;98;5;206;194;18;40
642;O;14570;2;1290;PRAGERSKO-KIDRICEVO;6006;21;4863;29;294;296;103;400;7300;16470;5625;381;21;0;4687;176;28;1;293;1;292;4;98;5;206;194;0;0
629;O;16570;2;1290;KIDRICEVO-HAJDINA;7435;31;6504;28;281;275;101;215;16470;20060;7122;313;14;17;6242;262;26;2;280;1;270;5;96;5;194;21;0;0
606;P;;2;247;HAJDINA-PTUJ;21800;34;20090;447;66;397;197;569;0;2070;13864;7936;32;2;12704;7386;355;92;30;36;324;73;153;44;266;303;0;0
606;P;;2;248;PTUJ;28000;44;25803;574;84;511;253;731;0;1025;17807;10193;41;3;16317;9486;456;118;38;46;417;94;196;57;342;389;0;0
606;P;;2;249;PTUJ-SPUHLJA;14500;22;13362;297;44;265;131;379;0;3020;9222;5278;21;1;8450;4912;236;61;20;24;216;49;102;29;177;202;0;0
62;O;12000;2;250;SPUHLJA-ORMOZ;5801;16;4778;50;319;224;102;312;0;17800;4744;1057;7;9;3970;808;49;1;274;45;197;27;78;24;169;143;0;0
355;P;;2;398;ORMOZ Z - ORMOZ V;2800;2;2269;52;118;110;17;232;0;3020;1743;1057;2;0;1443;826;46;6;92;26;98;12;17;0;45;187;50;56
355;O;5100;2;1313;ORMOZ-SREDISCE OB DRAVI;2213;2;1782;41;93;87;36;172;0;9000;1369;844;2;0;1133;649;36;5;73;20;77;10;13;23;35;137;39;44
522;O;12090;2;1313;SREDISCE OB DRAVI - M.P.SRED.;1088;6;848;2;30;20;23;159;9000;11865;237;851;0;6;199;649;0;2;8;22;10;10;0;23;20;139;0;0
84;O;9000;3;314;POCEHOVA-LENART;12110;18;10010;646;599;208;71;558;0;14380;11281;829;14;4;9649;361;622;24;532;67;203;5;44;27;217;341;0;0
85;O;12400;3;315;LENART-GORNJA RADGONA;6970;24;5343;115;469;296;84;639;0;17785;6179;791;17;7;4985;358;110;5;420;49;279;17;61;23;307;332;21;31
86;P;;3;316;GORNJA RADGONA;10000;27;8385;162;361;276;81;708;0;1750;8593;1407;24;3;7470;915;149;13;327;34;253;23;62;19;308;400;24;60
86;O;3650;3;366;GORNJA RADGONA-RADENCI;11295;30;9645;181;416;317;93;613;0;5640;9783;1512;27;3;8593;1052;171;10;376;40;291;26;71;22;254;359;27;69
86;P;;3;317;RADENCI-PETANJCI;9200;24;7715;149;333;254;74;651;0;2050;7906;1294;22;2;6873;842;137;12;301;32;233;21;57;17;283;368;22;55
623;O;3800;3;318;PETANJCI-M.SOBOTA;8294;19;6630;188;407;336;126;588;0;10150;6951;1343;17;2;5746;884;176;12;374;33;318;18;98;28;222;366;0;0
157;O;4000;3;319;M.SOBOTA-BRATONCI;10600;16;8957;162;431;275;109;650;0;5300;9628;972;16;0;8387;570;160;2;396;35;268;7;109;0;292;358;39;93
157;P;;3;320;BRATONCI-BELTINCI;8700;13;7352;133;354;226;89;533;0;2250;7901;799;13;0;6884;468;131;2;325;29;220;6;89;0;239;294;32;76
87;O;3600;3;321;BELTINCI-CRENSOVCI;6300;25;4961;112;313;167;86;636;0;5800;4824;1476;22;3;3937;1024;104;8;277;36;147;20;66;20;271;365;33;73
88;P;;3;369;CRENSOVCI;6000;19;4965;66;186;156;65;543;0;420;4678;1322;17;2;4011;954;59;7;156;30;136;20;51;14;248;295;35;204
88;O;12000;3;322;CRENSOVCI-LENDAVA;8000;26;6618;88;349;209;87;623;0;14170;6235;1765;23;3;5345;1273;79;9;308;41;182;27;68;19;230;393;46;272
89;P;;3;323;LENDAVA;8500;27;7304;61;289;170;187;462;0;1700;2982;5518;12;15;2050;5254;35;26;225;64;152;18;169;18;339;123;38;161
141;P;;3;324;LENDAVA-DOLGA VAS;4000;14;2598;6;114;66;60;1142;0;2280;1476;2524;7;7;988;1610;6;0;40;74;40;26;28;32;367;775;0;0
141;O;1870;3;325;DOLGA VAS-DRZAVNA MEJA;2520;8;1638;4;71;42;38;719;0;1870;1031;1489;4;4;624;1014;4;0;25;46;25;17;18;20;331;388;0;0
131;P;;4;1257;DRAVOGRAD-OTISKI VRH;10200;92;8876;139;418;386;136;153;0;1370;10053;147;92;0;8762;114;139;0;415;3;384;2;116;20;145;8;12;175
131;O;8000;4;1258;OTISKI VRH-SL.GRADEC;11700;105;10184;160;478;442;156;175;0;9170;11532;168;105;0;10053;131;160;0;475;3;440;2;133;23;166;9;14;200
131;P;;4;1445;SL.GRADEC;7500;67;6529;102;307;283;100;112;0;1910;7392;108;67;0;6445;84;102;0;305;2;282;1;85;15;106;6;9;128
621;O;11400;4;1259;SL.GRADEC-ZG.DOLIC;6924;15;6030;80;308;221;102;168;0;12985;6755;169;15;0;5880;150;79;1;305;3;219;2;95;7;162;6;0;0
621;P;;4;1260;ZG.DOLIC-VELENJE;6630;23;5996;115;25;216;94;161;0;11550;6487;143;23;0;5917;79;75;40;16;9;210;6;91;3;155;6;0;0
132;O;7200;4;1261;VELENJE-CRNOVA;12482;118;10897;116;549;424;116;262;0;7350;12176;306;117;1;10630;267;112;4;548;1;420;4;116;0;233;29;10;38
133;O;5500;4;1262;CRNOVA-ARJA VAS;13006;37;10986;135;683;605;233;327;0;7020;12716;290;30;7;10742;244;131;4;682;1;601;4;232;1;298;29;6;23
70;O;1500;4;1448;ARJA VAS-ZALEC;4000;13;3402;48;237;184;58;58;0;1820;3956;44;12;1;3363;39;48;0;237;0;183;1;58;0;55;3;0;5
130;O;200;5;1469;ARJA VAS;4400;20;3952;33;174;157;38;26;0;2490;4366;34;19;1;3920;32;33;0;174;0;157;0;38;0;25;1;5;21
69;O;260;5;286;ARJA VAS- CELJE;16000;57;14338;227;701;458;89;130;0;6560;15869;131;54;3;14222;116;227;0;699;2;458;0;89;0;120;10;0;108
90;P;;5;328;CELJE-CE(POLULE);16900;57;14539;104;891;679;200;430;0;2000;16678;222;56;1;14335;204;103;1;886;5;679;0;200;0;419;11;9;38
90;O;10000;5;328;CE(POLULE)-SMARJETA;12269;41;10080;75;1121;493;146;313;2000;17325;12108;161;41;0;9935;145;74;1;1114;7;493;0;146;0;305;8;7;27
91;O;1000;5;329;SMARJETA-RIMSKE TOPLICE;4397;22;3601;21;342;264;35;112;0;1050;4361;36;22;0;3567;34;21;0;340;2;264;0;35;0;112;0;0;17
91;P;;5;330;RIM.TOPLICE-ZIDANI MOST;5000;25;4095;24;389;300;40;127;0;6750;4959;41;25;0;4056;39;24;0;387;2;300;0;40;0;127;0;0;19
92;O;1000;5;331;ZIDANI MOST-RADECE;5101;3;4305;28;380;245;35;105;0;2815;5076;25;2;1;4284;21;28;0;380;0;244;1;35;0;103;2;1;21
92;P;;5;360;RADECE;5200;3;4388;29;387;250;36;107;0;520;5175;25;2;1;4367;21;29;0;387;0;249;1;36;0;105;2;1;21
92;P;;5;332;RADECE-BOSTANJ;5400;3;4558;30;402;259;37;111;0;11270;5374;26;2;1;4536;22;30;0;402;0;258;1;37;0;109;2;1;22
630;P;;5;333;BOSTANJ-SEVNICA;4500;11;4015;46;47;169;105;107;0;790;4298;202;11;0;3831;184;43;3;45;2;160;9;104;1;104;3;0;0
630;O;2900;5;334;SEVNICA-IMPOLJCA;4098;10;3460;42;238;154;96;98;0;4490;3912;186;10;0;3301;159;39;3;227;11;145;9;95;1;95;3;0;0
630;P;;5;335;IMPOLJCA-BRESTANICA;4440;11;3962;45;46;166;104;106;0;9790;4240;200;11;0;3780;182;42;3;44;2;157;9;103;1;103;3;0;0
630;P;;5;361;BRESTANICA-KRSKO;5100;12;4549;52;53;192;120;122;0;3900;4868;232;12;0;4340;209;48;4;51;2;181;11;118;2;118;4;0;0
95;O;4000;5;336;KRSKO-DRNOVO;8863;44;7605;83;386;252;202;291;0;4630;8500;363;38;6;7315;290;54;29;368;18;250;2;201;1;274;17;32;53
95;P;;5;337;DRNOVO;8900;44;7637;83;388;253;203;292;0;540;8536;364;38;6;7346;291;54;29;370;18;251;2;202;1;275;17;32;53
82;O;2200;6;338;POSTOJNA-PIVKA;9000;34;8119;90;291;197;64;205;0;10260;7055;1945;17;17;6309;1810;67;23;250;41;189;8;53;11;170;35;41;10
615;O;8000;6;339;PIVKA-RIBNICA;3511;28;3000;132;133;54;32;132;0;9945;1818;1693;4;24;1423;1577;109;23;94;39;49;5;27;5;112;20;0;0
615;P;;6;340;RIBNICA-PREM;4000;32;3641;151;-74;62;37;151;0;4215;2047;1953;4;28;1850;1791;56;95;-79;5;57;5;31;6;128;23;0;0
615;P;;6;341;PREM-IL.BISTRICA;4000;32;3641;151;-74;62;37;151;0;6210;2047;1953;4;28;1850;1791;56;95;-79;5;57;5;31;6;128;23;0;0
83;P;;6;342;IL.BISTRICA;5500;68;5003;68;121;64;32;144;0;1160;2436;3064;8;60;2132;2871;34;34;77;44;51;13;23;9;111;33;12;13
83;P;;6;363;IL.BISTRICA;10000;122;9098;124;220;116;58;262;0;1470;4431;5569;14;108;3879;5219;62;62;140;80;92;24;42;16;202;60;22;24
83;O;2450;6;343;IL.BISTRICA-JELSANE;5000;61;4549;62;110;58;29;131;0;8500;2215;2785;7;54;1939;2610;31;31;70;40;46;12;21;8;101;30;11;12
504;O;10000;6;343;JELSANE - MP JELSANE;3824;34;3588;32;48;19;11;92;8500;10000;1260;2564;8;26;1140;2448;8;24;17;31;11;8;7;4;69;23;0;0
503;O;0;7;356;M.P. STAROD-PODGRAD;4000;52;3691;40;53;20;19;125;0;6500;803;3197;7;45;724;2967;6;34;16;37;9;11;6;13;35;90;0;0
503;P;;7;355;PODGRAD-OBROV;4700;62;4334;48;62;23;23;148;0;5900;944;3756;9;53;848;3486;8;40;19;43;10;13;8;15;42;106;0;0
604;O;2600;7;354;OBROV-KOZINA;6080;36;5454;58;231;102;44;155;0;14500;2612;3468;8;28;2311;3143;24;34;82;149;91;11;31;13;65;90;0;0
652;O;3200;7;353;KOZINA-M.P.KRVAVI POTOK;4881;40;4537;46;114;89;24;31;0;3225;4800;81;30;10;4468;69;46;0;114;0;89;0;23;1;30;1;0;0
646;P;;8;207;VRBA-LESCE;17000;124;15290;96;542;349;296;303;0;1407;11565;5435;27;97;10272;5018;41;55;450;92;324;25;238;58;213;90;0;0
632;O;3200;8;208;LESCE-CRNIVEC;22150;70;19593;340;1135;382;182;448;0;6400;18212;3938;31;39;16030;3563;299;41;990;145;365;17;147;35;350;98;0;0
725;O;2300;8;213;LJ(SENTVID - OBVOZNICA);60000;192;56190;852;1061;836;461;408;0;2900;57519;2481;192;0;53797;2393;845;7;1045;16;825;11;427;34;388;20;0;0
518;P;;9;352;HAJDINA-JUROVCI;6800;47;6254;58;170;54;2;215;0;6040;944;5856;3;44;848;5406;17;41;24;146;14;40;0;2;38;177;0;0
518;P;;9;362;JUROVCI;6700;46;6163;57;167;53;2;212;0;1000;930;5770;2;44;837;5326;17;40;23;144;14;39;0;2;37;175;0;0
518;P;;9;351;JUROVCI-PODLEHNIK;6360;44;5850;54;159;50;2;201;0;4200;882;5478;2;42;794;5056;16;38;22;137;13;37;0;2;35;166;0;0
518;O;10920;9;351;PODLEHNIK - MP GRUSKOVJE;5787;40;5322;50;144;46;2;183;4200;10920;803;4984;2;38;722;4600;15;35;20;124;12;34;0;2;32;151;0;0
839;P;;10;1449;LOCICA;19500;30;16435;106;683;613;133;1500;0;1047;17285;2215;24;6;14973;1462;78;28;655;28;582;31;127;6;846;654;0;0
71;O;5400;10;291;LOCICA-TROJANE;16550;114;12498;283;993;1001;137;1524;0;7510;14278;2272;73;41;10947;1551;247;36;939;54;971;30;86;51;1015;509;7;10
72;O;7900;10;292;TROJANE-ZELODNIK;16500;45;12541;240;1038;829;304;1503;0;20610;14152;2348;32;13;11032;1509;202;38;988;50;807;22;253;51;838;665;3;4
610;O;1500;10;293;ZELODNIK-DOMZALE;24636;58;19942;440;1478;750;492;1476;0;4285;22273;2363;43;15;18435;1507;400;40;1431;47;728;22;442;50;794;682;0;0
610;P;;10;294;DOMZALE-TRZIN;26000;62;22397;464;209;791;519;1558;0;2650;23453;2547;46;16;20717;1680;422;42;196;13;768;23;466;53;838;720;0;0
73;O;1850;10;295;TRZIN-CRNUCE;41200;63;37013;310;313;1213;642;1646;0;3710;38617;2583;59;4;35170;1843;287;23;301;12;1175;38;576;66;1049;597;0;0
172;O;1000;10;87;LJ(CRNUCE - BRNCICEVA);42000;100;36493;231;1892;1246;404;1634;0;1000;39493;2507;79;21;34836;1657;202;29;1818;74;1207;39;364;40;987;647;0;8
172;P;;10;87;LJ(BRNCICEVA - TOMACEVO);45000;106;39102;247;2027;1334;433;1751;1000;2970;42316;2684;84;22;37327;1775;216;31;1948;79;1293;41;390;43;1058;693;0;8
814;P;;10;1463;KOZINA;12700;64;10999;80;412;334;156;655;0;760;10505;2195;27;37;9135;1864;59;21;363;49;323;11;122;34;476;179;0;1
614;O;5350;10;311;KOZINA-KASTELEC;14201;90;12045;195;775;270;166;660;0;8890;11662;2539;56;34;9788;2257;156;39;748;27;258;12;143;23;513;147;0;0
614;P;;10;312;KASTELEC-RIZANA;14200;90;12763;195;56;270;166;660;0;6230;11662;2538;56;34;10487;2276;156;39;49;7;258;12;143;23;513;147;0;0
79;O;5500;10;313;RIZANA-DEKANI;20140;166;17609;146;578;616;351;674;0;5900;16273;3867;113;53;14095;3514;115;31;528;50;588;28;315;36;519;155;3;40
651;O;0;11;235;M.P.SKOFIJE-SKOFIJE;10679;135;10189;88;90;39;29;109;0;1000;3472;7207;41;94;3255;6934;55;33;47;43;22;17;9;20;43;66;0;0
651;P;;11;235;SKOFIJE-DEKANI;11850;149;11305;98;101;44;32;121;1000;3545;3854;7996;45;104;3611;7694;62;36;53;48;25;19;10;22;48;73;0;0
149;O;1300;11;1062;KOPER-SMARJE;13301;92;12727;44;80;224;50;84;0;6000;4367;8934;18;74;4047;8680;10;34;36;44;178;46;48;2;30;54;6;45
150;O;6000;11;1062;SMARJE-DRAGONJA;8000;55;7656;26;48;135;30;50;6000;13650;2629;5371;11;44;2436;5220;6;20;22;26;107;28;29;1;18;32;4;27
14;O;14500;11;1062;DRAGONJA-MP DRAGONJA;5440;35;5290;12;49;14;8;32;13650;14530;1147;4293;9;26;1113;4177;1;11;8;41;6;8;2;6;8;24;0;0
644;O;6400;12;344;RAZDRTO-MANCE;5836;18;3727;170;405;316;262;938;0;12000;5040;796;11;7;3379;348;167;3;390;15;301;15;221;41;571;367;0;0
624;O;5350;12;345;MANCE-AJDOVSCINA;12037;39;9420;186;540;404;394;1054;0;8425;11147;890;26;13;9027;393;182;4;518;22;388;16;348;46;658;396;0;0
624;P;;12;387;AJDOVSCINA(HUBELJ-LET.CENTER);14000;46;11072;99;628;469;459;1227;0;1960;12790;1210;30;16;10498;574;95;4;591;37;451;18;359;100;766;461;0;0
427;P;;12;346;AJDOVSCINA-SELO;12000;72;10779;60;426;354;92;217;0;7600;11727;273;48;24;10546;233;60;0;426;0;354;0;88;4;205;12;0;0
731;O;300;13;273;MB(PTUJSKA)-HOCE;33000;46;28036;403;1305;1177;443;1590;0;4590;30265;2735;14;32;26093;1943;383;20;1234;71;1146;31;433;10;962;628;0;0
731;P;;13;381;HOCE - SLIVNICA;21332;30;18122;261;844;761;286;1028;0;965;19564;1768;9;21;16866;1256;248;13;798;46;741;20;280;6;622;406;0;0
660;O;900;101;232;M.P.LJUBELJ-BISTRICA;2313;57;2212;22;18;4;0;0;0;12500;1007;1306;12;45;955;1257;22;0;14;4;4;0;0;0;0;0;0;0
3;O;300;101;231;BISTRICA(TRZIC)-ZVIRCE;6891;53;6448;20;227;99;20;24;0;3280;6183;708;40;13;5769;679;17;3;215;12;99;0;20;0;23;1;0;3
3;P;;101;230;ZVIRCE-PODTABOR;7200;56;6736;21;238;103;21;25;0;2700;6460;740;42;14;6027;709;18;3;225;13;103;0;21;0;24;1;0;3
655;O;20;102;1031;M.P.ROBIC-STARO SELO;888;0;874;4;5;5;0;0;0;5630;257;631;0;0;243;631;4;0;5;0;5;0;0;0;0;0;0;0
212;O;2600;102;1030;STARO SELO-KOBARID;2000;8;1950;6;30;3;0;3;0;3320;889;1111;4;4;849;1101;6;0;27;3;3;0;0;0;0;3;20;1
97;P;;102;1005;KOBARID-IDRSKO;3600;11;3165;59;174;81;33;77;0;2200;3359;241;11;0;2930;235;57;2;172;2;81;0;33;0;75;2;17;14
97;O;350;102;1006;IDRSKO-PRSETI;2400;7;2111;39;116;54;22;51;0;11670;2240;160;7;0;1954;157;38;1;115;1;54;0;22;0;50;1;11;9
404;O;7100;102;1040;PERSETI-MOST NA SOCI;3963;25;3527;40;166;98;82;25;0;7600;3895;68;16;9;3470;57;40;0;166;0;98;0;81;1;24;1;4;51
404;P;;102;1039;MOST NA SOCI-BACA;3400;22;3026;34;142;84;70;22;0;2130;3341;59;14;8;2977;49;34;0;142;0;84;0;69;1;21;1;3;44
104;O;1700;102;1038;BACA-DOL. TREBUSA;2128;8;1804;34;124;87;37;34;0;8500;2076;52;1;7;1761;43;34;0;123;1;87;0;37;0;33;1;1;32
440;O;10000;102;1037;DOL TREBUSA-ZELIN;1816;10;1527;27;97;47;68;40;0;13300;1773;43;9;1;1492;35;27;0;94;3;47;0;68;0;36;4;13;24
447;O;2000;102;1036;ZELIN-SPODNJA IDRIJA;2326;9;2022;42;117;37;54;45;0;11300;2274;52;9;0;1978;44;41;1;114;3;37;0;54;0;41;4;6;29
617;P;;102;1035;SPODNJA IDRIJA;2500;17;2294;37;19;70;25;38;0;1900;2454;46;9;8;2260;34;37;0;19;0;70;0;25;0;34;4;0;0
617;O;3400;102;1034;SP. IDRIJA-GODOVIC;3660;26;3193;54;193;102;36;56;0;13460;3593;67;14;12;3144;49;54;0;193;0;102;0;36;0;50;6;0;0
100;O;6050;102;1033;GODOVIC-KALCE;3290;22;2753;44;178;157;24;112;0;11233;3224;66;17;5;2697;56;44;0;176;2;156;1;24;0;110;2;5;62
74;O;1390;102;1460;KALCE-LOGATEC;6813;81;5866;93;307;267;51;148;0;3490;6660;153;61;20;5747;119;92;1;301;6;267;0;50;1;142;6;8;63
74;P;;102;1461;LOGATEC;4500;53;3874;62;203;176;34;98;0;1672;4398;102;40;13;3795;79;61;1;199;4;176;0;33;1;94;4;5;42
616;P;;103;1007;PERSETI-USNIK;3210;23;2819;168;17;82;60;41;0;4080;2867;343;8;15;2499;320;163;5;14;3;82;0;60;0;41;0;0;0
616;O;6000;103;1008;USNIK-PLAVE;3309;24;2755;174;168;84;62;42;0;20230;2956;353;9;15;2453;302;168;6;138;30;84;0;62;0;42;0;0;0
99;O;7000;103;1009;PLAVE-SOLKAN;5296;101;4616;57;165;117;161;79;0;10070;5049;247;37;64;4438;178;53;4;165;0;117;0;160;1;79;0;0;62
209;P;;103;1010;SOLKAN-NOVA GORICA;14000;85;12502;63;507;322;136;385;0;5192;13457;543;65;20;12038;464;61;2;497;10;322;0;132;4;342;43;134;26
209;P;;103;1447;NOVA GORICA - SEMPETER;10000;60;8931;45;362;230;97;275;0;2315;9613;387;46;14;8600;331;44;1;355;7;230;0;94;3;244;31;96;18
113;O;5850;104;1136;KRANJ-LETALISCE;14268;43;12805;84;723;349;128;136;0;6000;13997;271;40;3;12552;253;81;3;719;4;347;2;128;0;130;6;15;29
627;O;8100;104;1136;LETALISCE-SP.BRNIK;11385;40;9938;94;739;288;144;142;6000;8330;11197;188;39;1;9755;183;93;1;739;0;288;0;144;0;139;3;0;0
627;P;;104;1137;SP.BRNIK-MOSTE;10000;35;9295;83;84;253;126;124;0;6245;9835;165;34;1;9134;161;82;1;84;0;253;0;126;0;122;2;0;0
627;P;;104;1138;MOSTE-MENGES;9000;32;8364;75;75;228;114;112;0;3900;8851;149;31;1;8219;145;74;1;75;0;228;0;114;0;110;2;0;0
116;O;2050;104;1139;MENGES-TRZIN;13600;121;12308;84;472;256;164;195;0;4065;13460;140;121;0;12172;136;83;1;472;0;255;1;164;0;193;2;47;57
63;O;2050;105;252;KARTELJEVO-NM(BRSLJIN);6300;34;5552;56;398;124;48;88;0;4190;6190;110;30;4;5466;86;55;1;396;2;123;1;47;1;73;15;31;52
63;P;;105;253;NOVO MESTO (BRSLJIN - KRKA);16000;87;14098;144;1011;315;123;222;0;2885;15720;280;77;10;13880;218;141;3;1006;5;312;3;120;3;184;38;79;133
63;P;;105;255;NOVO MESTO(KRKA - IMV);13000;70;11455;116;822;256;100;181;0;1805;12774;226;62;8;11278;177;114;2;818;4;254;2;98;2;150;31;64;108
607;O;9030;105;256;NOVO MESTO(IMV) - METLIKA;3311;12;2799;50;185;139;54;72;0;26555;3087;224;12;0;2602;197;46;4;180;5;133;6;53;1;61;11;0;0
155;O;1400;105;258;METLIKA-M.P.METLIKA;2646;0;2582;5;16;22;7;14;0;1480;1053;1593;0;0;1010;1572;1;4;12;4;16;6;6;1;8;6;0;0
159;O;50;105;259;MACKOVEC-NM(KRKA);17200;92;14935;202;798;422;277;474;0;1710;16307;893;79;13;14213;722;201;1;772;26;416;6;276;1;350;124;26;124
6;O;4550;106;215;LJ(RUDNIK)-SKOFLJICA;13600;50;12165;172;560;308;181;164;0;4555;13436;164;48;2;12025;140;171;1;555;5;303;5;179;2;155;9;7;86
117;P;;106;260;SKOFLJICA;7700;76;6544;73;477;362;52;116;0;520;7618;82;76;0;6463;81;73;0;477;0;362;0;52;0;115;1;30;48
117;O;3600;106;261;SKOFLJICA-RASICA;7730;76;6570;73;479;363;52;117;0;16450;7648;82;76;0;6489;81;73;0;479;0;363;0;52;0;116;1;30;48
410;O;11000;106;262;RASICA-ZLEBIC;5500;26;4932;93;196;152;27;74;0;12550;5407;93;26;0;4843;89;93;0;196;0;152;0;27;0;70;4;19;32
410;P;;106;263;ZLEBIC-DOLENJA VAS;4900;23;4394;83;174;135;24;67;0;9490;4817;83;23;0;4315;79;83;0;174;0;135;0;24;0;63;4;17;28
619;O;17050;106;263;DOLENJA VAS-KOCEVJE;5025;24;4481;86;226;106;40;62;9490;19050;4858;167;24;0;4334;147;84;2;213;13;103;3;40;0;60;2;0;0
119;P;;106;264;KOCEVJE-LIVOLD;2600;21;2406;45;51;18;18;41;0;6142;2509;91;21;0;2318;88;45;0;48;3;18;0;18;0;41;0;6;6
119;O;2000;106;265;LIVOLD-STALCERJI;2000;16;1850;35;39;14;14;32;0;6200;1931;69;16;0;1783;67;35;0;37;2;14;0;14;0;32;0;4;4
507;P;;106;265;STALCERJI-FARA;660;4;654;1;1;0;0;0;6200;21580;513;147;4;0;507;147;1;0;1;0;0;0;0;0;0;0;0;0
507;O;2500;106;266;FARA-M.P. PETRINA;632;3;627;1;1;0;0;0;0;2560;491;141;3;0;486;141;1;0;1;0;0;0;0;0;0;0;0;0
6;P;;106;216;SKOFLJICA-SMARJE SAP;4000;15;3576;50;165;91;54;49;0;3000;3950;50;14;1;3535;41;50;0;163;2;89;2;53;1;46;3;2;25
134;O;5100;107;1274;CE(VZHODNA M.)-SENTJUR;11000;29;10097;178;336;194;58;108;0;10980;10877;123;29;0;9986;111;175;3;335;1;193;1;57;1;102;6;4;30
622;O;2700;107;1275;SENTJUR-MESTINJE;7693;18;6834;82;329;172;96;162;0;14410;7323;370;18;0;6527;307;80;2;318;11;165;7;91;5;124;38;0;0
622;P;;107;1238;MESTINJE-PODPLAT;6700;16;6187;72;50;150;84;141;0;2060;6379;321;16;0;5912;275;70;2;49;1;144;6;80;4;108;33;0;0
136;O;2200;107;1276;PODPLAT-ROG. SLATINA;7300;11;6507;97;290;213;42;140;0;2450;6691;609;10;1;5958;549;92;5;275;15;205;8;40;2;111;29;52;13
136;P;;107;1276;ROG. SLATINA - ROGATEC;3000;4;2674;40;119;87;18;58;2450;12500;2750;250;4;0;2448;226;38;2;113;6;84;3;17;1;46;12;22;5
337;P;;107;1277;ROGATEC;2200;0;1946;35;75;22;0;122;0;2000;601;1599;0;0;491;1455;8;27;34;41;15;7;0;0;53;69;0;0
337;O;7800;107;1277;ROGATEC-MP DOBOVEC;1269;0;1122;21;43;13;0;70;2000;7865;347;922;0;0;283;839;5;16;20;23;9;4;0;0;30;40;0;0
120;O;2350;108;1180;CRNUCE-SENTJAKOB;15000;40;13374;78;744;487;150;127;0;3580;14861;139;40;0;13256;118;77;1;740;4;485;2;146;4;117;10;4;60
121;O;7550;108;1181;SENTJAKOB-RIBCE;9300;26;8431;37;333;297;104;72;0;14870;9226;74;26;0;8364;67;37;0;329;4;296;1;104;0;70;2;8;20
620;P;;108;1182;RIBCE-LITIJA;7500;27;6866;108;66;211;132;90;0;13474;7436;64;27;0;6802;64;108;0;66;0;211;0;132;0;90;0;0;0
620;O;10250;108;1183;LITIJA-ZAGORJE;5423;20;4683;78;329;152;96;65;0;14981;5377;46;20;0;4637;46;78;0;329;0;152;0;96;0;65;0;0;0
122;O;900;108;1184;ZAGORJE-TRBOVLJE;7435;22;6749;14;251;189;113;97;0;4316;7401;34;22;0;6719;30;14;0;251;0;189;0;113;0;93;4;3;24
123;O;1000;108;1185;TRBOVLJE-HRASTNIK;5602;11;4931;55;231;164;86;124;0;5162;5577;25;11;0;4911;20;55;0;231;0;164;0;86;0;119;5;2;17
124;O;7150;108;1186;HRASTNIK-ZIDANI MOST;1562;9;1437;1;85;29;1;0;0;8520;1558;4;9;0;1433;4;1;0;85;0;29;0;1;0;0;0;0;9
143;O;100;109;357;M.P. PETISOVCI-PETISOVCI;2046;6;1952;13;28;6;11;30;0;1000;393;1653;6;0;355;1597;7;6;13;15;2;4;7;4;3;27;0;0
89;O;2500;109;357;PETISOVCI-LENDAVA;2700;9;2320;19;91;54;60;147;1000;4300;947;1753;4;5;651;1669;11;8;71;20;48;6;54;6;108;39;12;51
665;O;870;110;327;G.RADGONA-M.P.G.RADGONA;3093;3;2874;11;62;18;1;124;0;970;1350;1743;3;0;1260;1614;4;7;28;34;9;9;1;0;45;79;0;0
626;O;4500;111;238;KOPER-RUDA(IZOLA);26731;149;25790;127;376;175;63;51;0;5435;21233;5498;71;78;20444;5346;94;33;352;24;172;3;56;7;44;7;0;0
13;O;2500;111;373;RUDA(IZOLA)-VALETA;15752;108;14846;74;388;186;96;54;0;8255;13918;1834;83;25;13090;1756;51;23;367;21;185;1;89;7;53;1;4;11
12;O;5000;111;239;VALETA-SECOVLJE;7400;88;6970;47;145;134;12;4;0;7000;4434;2966;23;65;4099;2871;34;13;133;12;133;1;11;1;1;3;7;107
500;O;7280;111;239; SECOVLJE-MP SECOVLJE;4891;54;4798;14;14;5;2;4;7000;7280;2020;2871;18;36;1987;2811;4;10;5;9;4;1;1;1;1;3;0;0
659;O;200;201;201;M.P.KORENSKO SEDLO-PODKOREN;2140;17;2109;3;10;1;0;0;0;3650;296;1844;1;16;288;1821;1;2;5;5;1;0;0;0;0;0;0;0
659;P;;201;202;PODKOREN-KR.GORA;5600;42;5521;8;26;3;0;0;0;2550;773;4827;1;41;755;4766;2;6;12;14;3;0;0;0;0;0;0;0
631;O;11800;201;203;KR.GORA-MOJSTRANA-DOVJE;5701;36;5305;122;118;94;13;13;0;12100;4660;1041;5;31;4308;997;114;8;115;3;93;1;12;1;13;0;0;0
631;P;;201;204;DOVJE-MOJSTRANA-KRAJE;5800;36;5396;124;120;96;14;14;0;2420;4742;1058;5;31;4382;1014;116;8;117;3;95;1;13;1;14;0;0;0
631;P;;201;205;KRAJE-HRUSICA;5800;36;5396;124;120;96;14;14;0;4030;4742;1058;5;31;4382;1014;116;8;117;3;95;1;13;1;14;0;0;0
658;O;350;202;234;M.P.RATECE-RATECE;2549;15;2534;0;0;0;0;0;0;1380;568;1981;0;15;568;1966;0;0;0;0;0;0;0;0;0;0;0;0
658;P;;202;233;RATECE-PODKOREN;2600;15;2585;0;0;0;0;0;0;3050;580;2020;0;15;580;2005;0;0;0;0;0;0;0;0;0;0;0;0
657;O;50;203;1002;M.P.PREDEL-BOVEC;150;4;146;0;0;0;0;0;0;15200;65;85;0;4;65;81;0;0;0;0;0;0;0;0;0;0;0;0
96;P;;203;1003;BOVEC-ZAGA;1200;22;1033;31;64;29;8;13;0;9750;1072;128;13;9;917;116;28;3;64;0;29;0;8;0;13;0;9;1
96;O;1100;203;1004;ZAGA-KOBARID;1200;22;1033;31;64;29;8;13;0;13500;1072;128;13;9;917;116;28;3;64;0;29;0;8;0;13;0;9;1
203;O;4000;204;1012;SEMPETER-DORNBERK;8000;36;7353;59;306;136;53;57;0;8343;7620;380;29;7;6991;362;59;0;298;8;135;1;53;0;55;2;106;13
204;O;4950;204;1013;DORNBERK-STANJEL;3019;21;2898;4;38;25;17;16;0;13185;2895;124;10;11;2785;113;4;0;38;0;25;0;17;0;16;0;0;0
205;P;;204;1014;STANJEL-DUTOVLJE;3200;44;2854;23;127;37;48;67;0;7820;3004;196;29;15;2680;174;22;1;123;4;37;0;47;1;66;1;68;29
205;O;2000;204;1015;DUTOVLJE-SEZANA;3300;46;2942;24;131;39;49;69;0;7890;3098;202;30;16;2763;179;23;1;127;4;39;0;48;1;68;1;70;30
418;O;8600;205;1026;DIVACA-LOKEV-LIPICA;3265;24;3218;1;20;2;0;0;0;8710;437;2828;5;19;423;2795;0;1;7;13;2;0;0;0;0;0;0;0
211;P;;206;1027;KR.GORA-VRSIC;800;42;735;7;5;7;4;0;0;12570;722;78;35;7;664;71;7;0;5;0;7;0;4;0;0;0;0;0
211;P;;206;1028;VRSIC-TRENTA;350;18;322;3;2;3;2;0;0;8960;316;34;15;3;291;31;3;0;2;0;3;0;2;0;0;0;0;0
211;O;700;206;1029;TRENTA-BOVEC;350;18;322;3;2;3;2;0;0;22600;316;34;15;3;291;31;3;0;2;0;3;0;2;0;0;0;0;0
105;O;5900;207;1057;GODOVIC-CRNI VRH;2107;8;1782;20;111;114;15;57;0;7030;2069;38;8;0;1747;35;20;0;110;1;114;0;15;0;55;2;3;15
105;P;;207;1058;CRNI VRH-COL;2400;9;2030;23;126;130;17;65;0;9602;2357;43;9;0;1990;40;23;0;125;1;130;0;17;0;63;2;3;17
427;O;7900;207;1413;COL-AJDOVSCINA;3400;21;3054;17;121;100;26;61;0;8696;3323;77;14;7;2988;66;17;0;121;0;100;0;25;1;58;3;0;0
151;P;;208;1059;AVER-GRACISCE;2050;17;1955;17;31;30;0;0;0;8750;788;1262;4;13;723;1232;10;7;29;2;22;8;0;0;0;0;0;10
151;O;100;208;1060;GRACISCE-SOCERGA;2300;18;2195;19;34;34;0;0;0;5000;885;1415;4;14;813;1382;11;8;32;2;25;9;0;0;0;0;0;11
502;O;8600;208;1060;SOCERGA - MP  SOCERGA;2158;7;2126;10;4;11;0;0;5000;8600;737;1421;3;4;722;1404;5;5;2;2;5;6;0;0;0;0;0;0
151;P;;208;1149;RIZANA-MOSTICJE;1100;9;1050;9;16;16;0;0;0;1950;423;677;2;7;389;661;5;4;15;1;12;4;0;0;0;0;0;5
109;O;1900;209;1088;LESCE-BLED;17678;129;17168;86;152;104;28;11;0;3545;16134;1544;79;50;15692;1476;77;9;146;6;103;1;27;1;10;1;0;0
109;P;;209;1089;BLED-PRISTAVA;9000;66;8743;43;77;52;14;5;0;2200;8216;784;40;26;7992;751;39;4;74;3;52;0;14;0;5;0;0;0
110;O;7600;209;1089;PRISTAVA-SOTESKA;3172;30;2916;29;97;71;19;10;2200;10530;2751;421;17;13;2515;401;24;5;95;2;71;0;19;0;10;0;0;0
110;P;;209;1090;SOTESKA-BITNJE;2800;26;2576;25;85;62;17;9;0;8510;2429;371;15;11;2222;354;21;4;83;2;62;0;17;0;9;0;0;0
110;P;;209;1091;BITNJE-BOH.BISTRICA;2900;27;2667;26;88;65;18;9;0;1340;2515;385;15;12;2300;367;22;4;86;2;65;0;18;0;9;0;0;0
255;O;3500;209;1092;BOH.BISTRICA-JEZERO;1448;9;1254;59;49;21;56;0;0;6200;1345;103;2;7;1167;87;56;3;43;6;21;0;56;0;0;0;20;159
661;O;200;210;1105;M.P.ZG.JEZERSKO-SP.JEZERSKO;260;8;233;2;8;9;0;0;0;10500;108;152;2;6;92;141;0;2;5;3;9;0;0;0;0;0;0;0
242;O;13000;210;1106;SP.JEZERSKO-PREDDVOR;1370;91;1187;18;27;37;9;1;0;15800;1171;199;54;37;1029;158;17;1;25;2;36;1;9;0;1;0;0;93
243;O;6500;210;1107;PREDDVOR-KR(PRIMSKOVO);8100;33;7555;63;256;132;33;28;0;8575;7938;162;21;12;7413;142;63;0;254;2;132;0;33;0;22;6;184;22
244;O;1000;210;1108;KR(PRIMSKOVO-LABORE);11600;99;10554;39;389;397;63;59;0;2600;11524;76;98;1;10483;71;39;0;389;0;396;1;62;1;57;2;62;57
111;O;5600;210;1109;KRANJ-SKOFJA LOKA;12250;100;11144;86;446;314;71;89;0;7770;12166;84;90;10;11077;67;86;0;445;1;311;3;71;0;86;3;9;121
111;P;;210;1077;SKOFJA LOKA;20000;163;18194;140;729;513;116;145;0;930;19863;137;147;16;18085;109;140;0;727;2;508;5;116;0;140;5;15;198
112;O;2800;210;1110;SK.LOKA-GORENJA VAS;6072;20;5656;52;143;178;9;14;0;16170;6009;63;19;1;5594;62;52;0;143;0;178;0;9;0;14;0;0;0
408;O;4000;210;1111;GORENJA VAS-TREBIJA;3628;36;3205;64;169;57;76;21;0;4980;3605;23;36;0;3185;20;64;0;168;1;57;0;76;0;19;2;11;69
409;O;2000;210;1112;TREBIJA-SOVODENJ;1196;23;1010;20;60;20;50;13;0;5880;1173;23;10;13;1001;9;20;0;59;1;20;0;50;0;13;0;8;46
409;P;;210;1113;SOVODENJ-CERKNO;550;11;465;9;27;9;23;6;0;11981;540;10;5;6;461;4;9;0;27;0;9;0;23;0;6;0;4;21
102;O;2000;210;1114;CERKNO-ZELIN;2017;12;1744;60;79;40;57;25;0;4200;1987;30;11;1;1726;18;59;1;73;6;40;0;57;0;21;4;9;39
106;O;2550;210;1078;SKOFJA LOKA-JEPRCA;10809;40;9702;89;503;278;76;121;0;6170;10749;60;37;3;9647;55;89;0;503;0;278;0;76;0;119;2;25;126
625;O;4400;211;211;KR(LABORE)-JEPRCA;11034;90;10323;129;217;170;46;59;0;8150;10849;185;68;22;10167;156;128;1;216;1;169;1;44;2;57;2;0;0
52;O;1500;211;212;JEPRCA-MEDVODE;18000;166;15998;288;691;519;64;274;0;3650;17815;185;161;5;15831;167;288;0;690;1;519;0;64;0;262;12;2;17
643;O;3700;211;212;MEDVODE-STANEZICE;23260;46;21753;241;529;272;222;197;3650;8000;22785;475;42;4;21315;438;241;0;522;7;269;3;219;3;177;20;0;0
643;P;;211;212;STANEZICE -LJ( SENTVID);25000;49;23380;260;568;293;238;212;8000;8675;24491;509;45;4;22910;470;260;0;561;7;290;3;235;3;190;22;0;0
245;P;;212;1115;UNEC;6500;21;5604;64;363;324;25;99;0;610;6384;116;21;0;5500;104;62;2;361;2;323;1;25;0;92;7;44;34
245;P;;212;1116;UNEC-RAKEK;6500;21;5604;64;363;324;25;99;0;2160;6384;116;21;0;5500;104;62;2;361;2;323;1;25;0;92;7;44;34
245;O;1300;212;1117;RAKEK-CERKNICA;6000;19;5173;60;335;299;23;91;0;3980;5893;107;19;0;5077;96;58;2;333;2;298;1;23;0;85;6;40;31
246;O;6000;212;1118;CERKNICA-BL.POLICA;3898;35;3628;21;91;72;15;36;0;10965;3775;123;35;0;3515;113;21;0;91;0;72;0;15;0;26;10;0;0
247;O;6500;212;1119;BL.POLICA-SODRAZICA;1200;10;995;17;72;64;10;32;0;17315;1177;23;10;0;977;18;17;0;72;0;64;0;10;0;27;5;14;18
248;O;5000;212;1120;SODRAZICA-ZLEBIC;2350;12;1950;32;135;148;12;61;0;5770;2302;48;12;0;1908;42;32;0;134;1;148;0;12;0;56;5;13;20
386;O;5700;213;1365;BLOSKA POLICA-PUDOB;2400;8;2176;47;81;49;4;35;0;8200;2341;59;8;0;2122;54;47;0;80;1;49;0;4;0;31;4;30;233
384;O;10200;213;1366;PUDOB-BABNO POLJE;600;6;550;29;8;4;0;3;0;10460;272;328;0;6;240;310;29;0;1;7;2;2;0;0;0;3;1;27
268;P;;214;1156;KOCEVJE-STARI LOG;1100;13;843;10;95;62;35;42;0;11975;1062;38;13;0;811;32;10;0;95;0;62;0;35;0;36;6;0;0
268;O;4500;214;1157;STARI LOG-DVOR;993;12;762;9;86;56;31;37;0;14750;959;34;12;0;733;29;9;0;86;0;56;0;31;0;32;5;0;0
270;P;;215;1456;TREBNJE;10000;273;9350;37;193;97;26;24;0;1450;9864;136;273;0;9217;133;37;0;191;2;97;0;26;0;23;1;0;0
270;O;11100;215;1162;TREBNJE-MOKRONOG;3984;109;3725;15;77;39;10;9;0;14200;3930;54;109;0;3672;53;15;0;76;1;39;0;10;0;9;0;0;0
448;O;6200;215;1163;MOKRONOG-BOSTANJ;1800;17;1498;15;135;88;24;23;0;18630;1762;38;17;0;1462;36;15;0;135;0;88;0;24;0;21;2;13;19
387;O;2800;216;1367;IVANCNA GORICA-KRKA;4300;21;3921;49;156;89;30;34;0;7100;4263;37;21;0;3885;36;49;0;155;1;89;0;30;0;34;0;23;112
277;O;3900;216;1175;KRKA-ZUZEMBERK;2818;44;2479;35;136;82;4;38;0;13550;2777;41;44;0;2438;41;35;0;136;0;82;0;4;0;38;0;0;0
278;O;1970;216;1158;ZUZEMBERK-DVOR;3000;12;2585;49;99;82;129;44;0;4270;2956;44;12;0;2542;43;49;0;98;1;82;0;129;0;44;0;13;9
279;P;;216;1176;DVOR-SOTESKA;3200;6;2940;43;67;71;19;54;0;5550;3140;60;6;0;2882;58;43;0;65;2;71;0;19;0;54;0;0;0
279;O;5300;216;1177;SOTESKA-CRMOSNJICE;2880;6;2648;38;59;64;17;48;0;14355;2827;53;6;0;2596;52;38;0;58;1;64;0;17;0;48;0;0;0
280;P;;216;1178;CRMOSNJICE-RUCETNA VAS;2500;15;2218;22;101;83;19;42;0;9600;2464;36;15;0;2182;36;22;0;101;0;83;0;19;0;42;0;14;14
280;O;12400;216;1178;RUCETNA VAS-CRNOMELJ;4043;25;3587;36;163;134;30;68;9600;15210;3984;59;25;0;3528;59;36;0;163;0;134;0;30;0;68;0;22;23
466;O;4500;217;1208;LIVOLD-BREZOVICA;650;3;578;13;22;16;9;9;0;16230;638;12;3;0;566;12;13;0;22;0;16;0;9;0;9;0;13;14
299;O;2000;217;1209;BREZOVICA-DOBLICE;50;0;41;2;3;2;1;1;0;17000;50;0;0;0;41;0;2;0;3;0;2;0;1;0;1;0;0;1
300;O;17100;217;1209;DOBLICE-KANIZARICA;360;0;309;10;13;17;2;9;17000;19930;360;0;0;0;309;0;10;0;13;0;17;0;2;0;9;0;8;12
450;O;4000;218;1211;METLIKA-PODZEMELJ;3500;14;3299;51;35;51;27;23;0;5570;3379;121;14;0;3180;119;50;1;34;1;51;0;27;0;23;0;24;31
302;O;2000;218;1212;PODZEMELJ-CRNOMELJ;3403;14;3184;54;40;61;35;15;0;8950;3285;118;14;0;3067;117;53;1;40;0;61;0;35;0;15;0;0;0
302;P;;218;1152;CRNOMELJ;10000;41;9357;158;117;179;103;45;0;730;9652;348;41;0;9012;345;155;3;117;0;179;0;103;0;45;0;0;0
303;P;;218;1213;CRNOMELJ-KANIZARICA;5000;17;4561;76;95;166;64;21;0;2215;4819;181;16;1;4388;173;76;0;91;4;166;0;64;0;18;3;38;76
303;O;2650;218;1214;KANIZARICA-VINICA;3413;12;3113;52;65;113;44;14;0;15535;3289;124;11;1;2995;118;52;0;62;3;113;0;44;0;12;2;26;52
154;P;;218;1153;VINICA;1700;2;1610;46;22;20;0;0;0;160;673;1027;0;2;605;1005;46;0;2;20;20;0;0;0;0;0;0;0
154;O;800;218;1215;VINICA-MOST CEZ KOLPO;510;1;482;14;7;6;0;0;0;850;201;309;0;1;180;302;14;0;1;6;6;0;0;0;0;0;0;0
125;O;6600;219;1236;SL.BISTRICA-POLJCANE;3700;13;2965;28;157;268;220;49;0;8600;3562;138;13;0;2842;123;28;0;149;8;265;3;220;0;45;4;41;15
125;P;;219;1410;POLJCANE;5200;19;4165;39;222;377;309;69;0;700;5005;195;19;0;3992;173;39;0;210;12;373;4;309;0;63;6;58;20
126;O;9300;219;1237;POLJCANE-PODPLAT;3700;16;3140;34;170;197;88;55;0;9370;3476;224;16;0;2940;200;33;1;162;8;194;3;85;3;46;9;48;18
128;O;11000;219;1239;MESTINJE-GOLOBINJEK;3200;1;2826;42;133;86;67;45;0;14900;2892;308;1;0;2535;291;42;0;129;4;83;3;66;1;36;9;22;16
412;O;7000;219;1240;GOLOBINJEK-BISTRICA;2300;5;1988;28;146;55;7;71;0;9100;2139;161;5;0;1850;138;28;0;136;10;53;2;7;0;60;11;57;88
412;P;;219;1421;BISTRICA OB SOTLI;2000;4;1728;24;127;48;6;63;0;720;1859;141;4;0;1608;120;24;0;118;9;46;2;6;0;53;10;50;76
413;O;5500;219;1241;BISTRICA-BIZELJSKO;1424;12;1193;8;100;43;45;23;0;6805;1282;142;11;1;1054;139;8;0;100;0;43;0;45;0;21;2;0;0
129;O;14050;219;1242;BIZELJSKO-BREZICE;3000;6;2802;11;75;42;30;34;0;16000;2726;274;6;0;2544;258;11;0;71;4;40;2;30;0;24;10;41;16
129;P;;219;1242;BREZICE-CATEZ;11000;23;10273;39;276;156;109;124;16000;17570;9996;1004;23;0;9328;945;39;0;260;16;148;8;109;0;89;35;152;58
367;O;6750;220;1334;KRSKO-BREZICE;6300;13;5824;66;185;117;51;44;0;12880;6001;299;12;1;5543;281;59;7;178;7;117;0;50;1;42;2;57;37
314;O;5000;221;1227;IZLAKE-TROJANE;2299;11;1965;12;114;89;45;63;0;7277;2273;26;11;0;1947;18;12;0;113;1;89;0;45;0;56;7;4;18
306;O;4000;221;1218;IZLAKE-ZAGORJE;7347;21;6431;97;449;154;93;102;0;6300;7313;34;21;0;6405;26;97;0;449;0;154;0;92;1;95;7;1;48
307;O;3150;221;1219;ZAGORJE-BEVSKO;2834;16;2591;87;97;33;8;2;0;5450;2827;7;16;0;2584;7;87;0;97;0;33;0;8;0;2;0;4;29
307;P;;221;1220;BEVSKO-TRBOVLJE;5000;28;4571;154;171;58;14;4;0;3000;4988;12;28;0;4559;12;154;0;171;0;58;0;14;0;4;0;7;51
309;O;3300;221;1221;TRBOVLJE-HRASTNIK;300;7;231;0;11;50;1;0;0;9100;299;1;7;0;230;1;0;0;11;0;50;0;1;0;0;0;39;7
310;O;4250;221;1222;HRASTNIK-SMARJETA;4500;12;3922;64;157;183;33;129;0;9650;4458;42;12;0;3892;30;64;0;156;1;183;0;33;0;118;11;16;38
127;P;;222;1228;ZAGORJE-MOST CEZ SAVO;5670;21;5172;43;162;107;53;112;0;1950;5644;26;21;0;5154;18;43;0;162;0;106;1;53;0;105;7;1;24
127;O;500;223;1229;BEVSKO-MOST CEZ SAVO;7938;29;7242;60;227;149;74;157;0;1220;7902;36;29;0;7217;25;60;0;227;0;148;1;74;0;147;10;2;34
127;P;;224;1230;HRASTNIK-MOST CEZ SAVO;5900;22;5382;45;169;111;55;116;0;1500;5873;27;22;0;5363;19;45;0;169;0;110;1;55;0;109;7;1;25
259;O;3350;225;1140;MENGES-DUPLICA;11700;74;10666;234;313;185;136;92;0;3805;11627;73;73;1;10598;68;232;2;313;0;184;1;136;0;91;1;19;122
382;P;;225;1359;DUPLICA-KAMNIK;12000;20;11092;105;371;225;133;54;0;3735;11942;58;20;0;11035;57;105;0;370;1;225;0;133;0;54;0;12;153
382;P;;225;1424;KAMNIK-MEKINJE;7000;12;6470;61;217;131;78;31;0;700;6966;34;12;0;6437;33;61;0;216;1;131;0;78;0;31;0;7;90
231;O;1750;225;1083;KAMNIK-STAHOVICA;5500;66;4892;47;161;103;145;86;0;4270;5438;62;66;0;4831;61;47;0;160;1;103;0;145;0;86;0;35;168
233;O;2100;225;1084;STAHOVICA-CRNIVEC;2500;30;2233;38;65;82;37;15;0;10615;2462;38;30;0;2202;31;31;7;65;0;82;0;37;0;15;0;28;80
237;O;10500;225;1085;CRNIVEC-GORNJI GRAD;2048;64;1737;38;87;66;28;28;0;12200;2020;28;59;5;1714;23;38;0;87;0;66;0;28;0;28;0;0;0
234;O;16000;225;1085;GORNJI GRAD-RADMIRJE;2500;40;2264;32;69;59;15;21;12200;17850;2488;12;40;0;2252;12;32;0;69;0;59;0;15;0;21;0;159;25
232;O;1331;225;1248;RADMIRJE-MOZIRJE;4100;52;3699;47;132;106;25;39;0;8731;4087;13;52;0;3686;13;47;0;132;0;106;0;25;0;39;0;186;32
139;O;8731;225;1248;MOZIRJE;5142;17;4654;47;150;138;61;75;8731;11331;5117;25;17;0;4630;24;47;0;150;0;138;0;61;0;74;1;13;37
138;P;;225;1247;SOTESKA-MOZIRJE;3900;22;3509;27;37;141;76;88;0;2455;3861;39;22;0;3473;36;27;0;37;0;141;0;75;1;86;2;0;0
138;P;;225;1246;SOTESKA-LETUS;3500;20;3149;24;33;127;68;79;0;3340;3465;35;20;0;3117;32;24;0;33;0;127;0;67;1;77;2;0;0
138;O;3500;225;1246;LETUS-SENTRUPERT;5640;32;4860;40;266;204;110;128;3340;12200;5583;57;32;0;4808;52;39;1;266;0;204;0;109;1;125;3;0;0
662;O;100;226;1254;M.P.HOLMEC-POLJANA;1831;4;1768;4;17;13;1;24;0;3930;620;1211;0;4;575;1193;3;1;14;3;12;1;0;1;16;8;0;0
432;O;2000;226;1255;POLJANA-RAVNE;8000;43;7513;90;127;119;40;68;0;7965;6163;1837;21;22;5718;1795;88;2;121;6;119;0;40;0;56;12;12;50
160;O;2350;226;1256;RAVNE-DRAVOGRAD;6000;24;5089;139;261;279;78;130;0;7080;5765;235;14;10;4894;195;135;4;257;4;277;2;78;0;110;20;5;38
322;P;;227;1264;RAVNE-KOTLJE;7000;51;6737;40;62;94;16;0;0;3600;6866;134;51;0;6603;134;40;0;62;0;94;0;16;0;0;0;78;3
322;O;700;227;1423;KOTLJE-SLOVENJ GRADEC;4500;33;4331;26;40;60;10;0;0;11154;4414;86;33;0;4245;86;26;0;40;0;60;0;10;0;0;0;50;2
341;O;2200;228;1291;SPUHLJA-BORL;7388;8;6720;82;196;109;73;200;0;8500;6234;1154;7;1;5774;946;61;21;164;32;78;31;60;13;90;110;36;54
340;O;13500;228;1291;BORL-ZAVRC;1751;1;1569;16;44;26;13;82;8500;13900;486;1265;0;1;457;1112;2;14;9;35;8;18;1;12;9;73;0;0
120;P;;229;1417;PTUJ-ROGOZNICA;11500;31;10253;60;570;373;115;98;0;2080;11394;106;31;0;10163;90;59;1;567;3;372;1;112;3;90;8;3;46
338;O;14000;229;1286;ROGOZNICA-SENARSKA;2000;26;1721;20;91;66;26;50;0;17020;1837;163;24;2;1585;136;20;0;85;6;63;3;26;0;34;16;10;36
442;O;2000;229;1287;SENARSKA-LENART;3100;8;2766;32;130;76;39;49;0;4100;2902;198;7;1;2594;172;32;0;124;6;73;3;39;0;33;16;15;42
352;P;;230;1164;RADENCI;3500;40;3073;48;136;108;43;52;0;400;3190;310;39;1;2777;296;46;2;134;2;107;1;36;7;51;1;25;195
352;O;2000;230;1308;RADENCI-KRIZEVCI;3000;34;2633;42;117;92;37;45;0;12420;2733;267;33;1;2379;254;40;2;115;2;91;1;31;6;44;1;21;167
353;P;;230;1415;KRIZEVCI;5300;10;4812;211;24;88;53;102;0;700;4770;530;10;0;4315;497;206;5;21;3;85;3;51;2;82;20;0;0
353;O;3500;230;1309;KRIZEVCI-LJUTOMER;6241;12;5479;248;216;104;62;120;0;7300;5617;624;12;0;4923;556;242;6;184;32;100;4;60;2;96;24;0;0
354;O;8900;230;1310;LJUTOMER-PAVLOVCI;2700;7;2238;40;139;129;45;102;0;13910;2385;315;7;0;2004;234;38;2;123;16;117;12;21;24;75;27;17;37
354;P;;230;1311;PAVLOVCI-ORMOZ;4000;10;3316;59;207;192;66;150;0;1860;3534;466;10;0;2970;346;56;3;183;24;174;18;31;35;110;40;25;54
354;P;;230;1312;ORMOZ;6000;15;4975;88;309;288;99;226;0;1500;5302;698;15;0;4456;519;84;4;274;35;261;27;46;53;166;60;38;82
156;O;700;230;251;ORMOZ-M.P.ORMOZ;1079;0;1068;0;5;6;0;0;0;760;311;768;0;0;303;765;0;0;3;2;5;1;0;0;0;0;0;0
431;O;230;231;1325;GIBINA-RAZKRIZJE;1300;0;1238;14;43;4;1;0;0;2930;907;393;0;0;852;386;13;1;37;6;4;0;1;0;0;0;65;105
360;P;;231;1323;RAZKRIZJE-STROCJA VAS;1300;16;1156;9;51;44;6;18;0;3830;1213;87;16;0;1072;84;9;0;49;2;43;1;6;0;18;0;19;47
431;P;;231;1327;STROCJA VAS-LJUTOMER;2000;0;1902;23;67;6;2;0;0;2500;1394;606;0;0;1308;594;21;2;57;10;6;0;2;0;0;0;100;161
430;O;200;232;1314;HODOS-PETROVCI;313;0;288;21;2;2;0;0;0;10458;151;162;0;0;131;157;16;5;2;0;2;0;0;0;0;0;0;0
137;P;;232;1315;PETROVCI-MACKOVCI;3000;1;2732;76;62;86;29;14;0;6500;2821;179;1;0;2568;164;68;8;60;2;85;1;29;0;10;4;7;14
137;O;17600;232;1315;MACKOVCI-MARTJANCI;3400;1;3097;86;70;98;33;15;6500;17720;3199;201;1;0;2912;185;77;9;68;2;97;1;33;0;11;4;8;16
137;P;;232;1316;MARTJANCI-M.SOBOTA;9000;3;8200;227;184;259;87;40;0;2350;8467;533;3;0;7710;490;203;24;179;5;256;3;87;0;29;11;21;42
137;P;;232;1470;MURSKA SOBOTA;12000;3;10935;303;246;344;116;53;0;1000;11290;710;3;0;10281;654;271;32;239;7;341;3;116;0;39;14;28;56
551;O;7100;401;1020;ZAGA-UCJA;200;0;200;0;0;0;0;0;0;7340;16;184;0;0;16;184;0;0;0;0;0;0;0;0;0;0;0;0
219;O;2500;402;1426;SOLKAN-GONJACE;3311;50;3060;29;98;54;18;2;0;10630;3228;83;43;7;2984;76;29;0;98;0;54;0;18;0;2;0;1;26
550;P;;402;1465;GONJACE-DOBROVO;3500;14;3219;22;132;66;13;34;0;4655;3299;201;14;0;3023;196;22;0;128;4;65;1;13;0;34;0;0;0
550;P;;402;1045;DOBROVO-NEBLO;2000;8;1840;12;75;38;7;20;0;2700;1885;115;8;0;1728;112;12;0;73;2;37;1;7;0;20;0;0;0
550;O;4700;402;1045;NEBLO-M.P. NEBLO;1584;6;1456;10;60;30;6;16;2700;4820;1492;92;6;0;1367;89;10;0;58;2;29;1;6;0;16;0;0;0
108;O;5900;403;1071;BACA-KNEZA;900;9;808;16;21;28;16;2;0;6000;854;46;2;7;769;39;16;0;21;0;28;0;16;0;2;0;49;9
108;P;;403;1072;KNEZA-PODBRDO;800;9;717;14;19;25;14;2;0;15950;759;41;2;7;683;34;14;0;19;0;25;0;14;0;2;0;44;8
108;P;;403;1073;PODBRDO-PETROVO BRDO;120;1;108;2;3;4;2;0;0;4400;114;6;0;1;103;5;2;0;3;0;4;0;2;0;0;0;7;1
108;P;;403;1074;PETROVO BRDO-PODROST;100;1;90;2;2;3;2;0;0;8100;95;5;0;1;86;4;2;0;2;0;3;0;2;0;0;0;5;1
618;P;;403;1075;PODROST-ZALI LOG;600;2;536;9;21;19;8;5;0;5000;593;7;1;1;530;6;9;0;21;0;19;0;8;0;5;0;0;0
618;P;;403;1075;ZALI LOG-CESNJICA;900;4;805;13;31;28;12;7;5000;10000;889;11;2;2;796;9;13;0;31;0;28;0;12;0;7;0;0;0
618;O;8100;403;1076;CESNJICA-SKOFJA LOKA;4300;15;3850;62;147;136;57;33;0;15700;4250;50;7;8;3808;42;62;0;147;0;136;0;57;0;33;0;0;0
397;O;8000;404;1379;PODGRAD-IL.BISTRICA;2800;7;2582;23;69;41;12;66;0;11000;2643;157;6;1;2445;137;23;0;62;7;39;2;10;2;58;8;26;12
398;O;11100;404;1380;IL.BISTRICA-PIVKA;2600;9;2377;35;104;56;8;11;0;16942;2355;245;8;1;2150;227;30;5;95;9;55;1;7;1;10;1;24;22
207;O;2000;405;1018;MATAVUN-VREME;1400;7;1232;7;50;35;55;14;0;7600;1238;162;3;4;1081;151;7;0;47;3;33;2;55;0;12;2;4;23
210;O;15000;405;1018;VREME-RIBNICA;1200;5;1054;10;48;28;9;46;7600;17338;972;228;3;2;841;213;9;1;42;6;27;1;8;1;42;4;10;3
403;O;2000;406;1407;DEKANI-ANKARAN;9865;32;9358;52;300;104;15;4;0;6000;9227;638;28;4;8729;629;51;1;297;3;104;0;15;0;3;1;5;14
650;O;8700;406;1407;ANKARAN-M.P.LAZARET;1389;0;1389;0;0;0;0;0;6000;8800;729;660;0;0;729;660;0;0;0;0;0;0;0;0;0;0;0;0
263;O;4100;407;1144;GORENJA VAS-LJUBLJANICA;962;1;910;17;7;6;21;0;0;14180;962;0;1;0;910;0;17;0;7;0;6;0;21;0;0;0;1;32
264;P;;407;1145;LJUBLJANICA-HORJUL;1000;5;916;8;42;21;6;2;0;6800;992;8;4;1;909;7;8;0;42;0;21;0;6;0;2;0;78;21
264;O;11650;407;1145;HORJUL-VRHNIKA;1500;8;1373;12;63;32;9;3;6800;15110;1488;12;7;1;1362;11;12;0;63;0;32;0;9;0;3;0;118;32
393;O;5400;408;1374;LOGATEC-ZIRI;1300;4;1167;26;37;38;19;9;0;21385;1290;10;3;1;1158;9;26;0;37;0;38;0;19;0;9;0;19;11
394;O;5000;408;1375;ZIRI-TREBIJA;2585;41;2267;48;122;38;43;26;0;7350;2552;33;26;15;2251;16;48;0;122;0;38;0;43;0;24;2;3;28
165;O;500;409;358;LJ(VIC)-AC BREZOVICA;15000;94;13723;339;590;193;41;20;0;1700;14845;155;90;4;13574;149;338;1;589;1;193;0;41;0;20;0;379;30
165;P;;409;358;AC BREZOVICA-BREZOVICA;20000;125;18298;452;787;257;55;26;1700;2741;19795;205;120;5;18100;198;451;1;786;1;257;0;55;0;26;0;506;40
611;O;9350;409;300;BREZOVICA-VRHNIKA;10622;47;9706;112;338;220;57;142;0;13275;10493;129;44;3;9593;113;111;1;337;1;219;1;57;0;132;10;0;0
153;O;5600;409;301;VRHNIKA-LOGATEC;5200;22;4438;152;282;195;19;92;0;9525;5093;107;19;3;4344;94;150;2;281;1;194;1;19;0;86;6;34;7
153;P;;409;302;LOGATEC;7000;29;5977;204;379;263;25;123;0;900;6857;143;25;4;5851;126;201;3;378;1;262;1;25;0;115;8;46;9
74;P;;409;303;KALCE-PLANINA;1200;15;1033;16;54;47;9;26;0;8470;1173;27;11;4;1012;21;16;0;53;1;47;0;9;0;25;1;1;11
612;O;5650;409;304;PLANINA-RAVBARKOMANDA;1500;0;1350;5;59;53;17;16;0;7230;1467;33;0;0;1323;27;4;1;58;1;53;0;17;0;12;4;0;1
612;P;;409;305;RAVBARKOMANDA-PO(R913);3000;0;2697;11;117;107;35;33;0;3000;2933;67;0;0;2643;54;9;2;115;2;107;0;35;0;24;9;0;2
612;P;;409;305;PO(R913)-POSTOJNA;11000;0;9890;40;431;391;128;120;3000;4360;10752;248;0;0;9690;200;32;8;423;8;391;0;128;0;88;32;0;8
76;O;5000;409;306;POSTOJNA-RAZDRTO;4100;28;3478;78;190;162;96;68;0;10980;3872;228;21;7;3273;205;72;6;185;5;159;3;96;0;66;2;14;21
22;O;5600;409;307;RAZDRTO-SENOZECE;2000;38;1664;41;67;65;76;49;0;6530;1805;195;27;11;1487;177;39;2;64;3;64;1;76;0;48;1;8;11
77;O;1500;409;308;SENOZECE-DIVACA;1150;23;928;31;49;48;46;25;0;8140;1029;121;12;11;823;105;29;2;48;1;47;1;46;0;24;1;1;13
77;P;;409;309;DIVACA-MATAVUN;2000;40;1610;55;86;84;81;44;0;1940;1789;211;21;19;1428;182;51;4;84;2;82;2;81;0;42;2;2;23
78;O;2000;409;310;MATAVUN-KOZINA;4000;48;3367;44;167;127;106;141;0;6600;3573;427;33;15;3035;332;39;5;152;15;124;3;83;23;107;34;2;13
258;P;;410;1133;BISTRICA-TRZIC;6000;42;5628;66;186;65;11;2;0;320;5949;51;37;5;5582;46;66;0;186;0;65;0;11;0;2;0;28;199
258;P;;410;1134;TRZIC-GOLNIK;2000;14;1875;22;62;22;4;1;0;6500;1983;17;12;2;1860;15;22;0;62;0;22;0;4;0;1;0;9;66
258;O;10465;410;1134;GOLNIK-KOKRICA;5100;35;4785;56;158;55;9;2;6500;13671;5057;43;31;4;4746;39;56;0;158;0;55;0;9;0;2;0;24;169
258;P;;410;1135;KOKRICA-KRANJ;7800;54;7317;86;242;84;14;3;0;2234;7734;66;48;6;7257;60;86;0;242;0;84;0;14;0;3;0;37;259
718;P;;411;1471;KRANJ Z - POLICA;12000;69;10432;232;506;515;108;138;0;733;11827;173;68;1;10276;156;230;2;505;1;513;2;103;5;132;6;39;2
51;O;1000;411;1428;POLICA-NAKLO(MARINSEK);13000;27;11127;253;573;730;190;100;0;1900;12838;162;27;0;10967;160;253;0;573;0;730;0;190;0;98;2;10;44
708;O;6700;411;1428;NAKLO(MARINSEK)-PODTABOR;4000;25;3579;66;145;139;8;38;1900;7160;3940;60;25;0;3520;59;66;0;145;0;139;0;7;1;38;0;211;53
707;O;3600;411;1429;GOBOVCE-CRNIVEC;1500;12;1369;42;58;19;0;0;0;6330;1467;33;12;0;1336;33;42;0;58;0;19;0;0;0;0;0;88;19
718;O;1800;412;1454;POLICA-KR(KIDRICEVA);21000;120;18258;405;885;901;188;243;0;2035;20700;300;119;1;17985;273;402;3;884;1;898;3;180;8;232;11;69;3
717;O;700;412;359;KRANJ(KIDRICEVA - ISKRA);16000;56;14345;157;627;510;119;186;0;1500;15884;116;52;4;14245;100;156;1;626;1;509;1;115;4;181;5;153;13
716;O;700;412;210;KR(ISKRA)-LABORE;22000;128;19884;571;615;574;98;130;0;1450;21818;182;113;15;19723;161;570;1;614;1;574;0;97;1;127;3;114;3
228;P;;413;4704;MEDVODE-ZBILJE;4000;49;3547;36;213;97;23;35;0;1215;3976;24;49;0;3524;23;36;0;213;0;97;0;23;0;34;1;32;104
228;O;5450;413;1079;ZBILJE-VODICE;4439;54;3937;40;236;108;25;39;0;7300;4413;26;54;0;3912;25;40;0;236;0;108;0;25;0;38;1;36;115
229;O;2000;413;1080;VODICE-MOSTE;5268;12;4701;12;326;130;42;45;0;4350;5247;21;12;0;4680;21;12;0;326;0;130;0;42;0;45;0;28;62
230;O;1600;413;1081;MOSTE-DUPLICA;7300;83;6661;37;301;172;30;16;0;4120;7207;93;77;6;6575;86;37;0;300;1;172;0;30;0;16;0;22;193
376;O;11000;414;1349;KAMNIK-LOCICA;4757;21;4404;31;141;104;20;36;0;28520;4648;109;21;0;4297;107;31;0;140;1;103;1;20;0;36;0;0;0
304;O;2000;415;1216;ZELODNIK-DRTIJA;5000;30;4601;44;163;100;28;34;0;11080;4986;14;30;0;4588;13;44;0;163;0;100;0;28;0;33;1;10;12
305;O;11400;415;1217;DRTIJA-IZLAKE;2000;15;1791;23;55;80;12;24;0;15290;1992;8;15;0;1784;7;22;1;55;0;80;0;12;0;24;0;12;26
375;P;;416;1346;LITIJA-SMARTNO;3300;37;2993;28;143;65;3;31;0;2670;3291;9;37;0;2987;6;28;0;143;0;65;0;3;0;28;3;16;93
437;P;;416;1165;SMARTNO PRI LITIJI;5500;32;5006;58;205;193;6;0;0;260;5474;26;32;0;4980;26;58;0;205;0;193;0;6;0;0;0;0;186
375;O;1400;416;1347;SMARTNO-RADOHOVA VAS;1000;11;908;8;43;20;1;9;0;14630;997;3;11;0;906;2;8;0;43;0;20;0;1;0;8;1;5;28
375;P;;416;1425;GRM;900;10;815;8;39;18;1;9;0;750;897;3;10;0;813;2;8;0;39;0;18;0;1;0;8;1;4;25
375;P;;416;1348;GRM-BIC;300;3;272;3;13;6;0;3;0;2490;299;1;3;0;271;1;3;0;13;0;6;0;0;0;3;0;1;8
284;O;1500;417;1190;SMAR.P.L.-M.KOSTREVICA;2100;4;2032;4;24;34;2;0;0;1500;2098;2;4;0;2030;2;4;0;24;0;34;0;2;0;0;0;16;114
284;P;;417;1190;M. KOSTREVICA-VEL. REKA;1700;3;1645;3;19;28;2;0;1500;8700;1698;2;3;0;1643;2;3;0;19;0;28;0;2;0;0;0;13;92
282;O;3000;417;1187;VEL.REKA-MORAVCE;600;3;567;0;10;12;8;0;0;6400;596;4;3;0;563;4;0;0;10;0;12;0;8;0;0;0;29;22
282;P;;417;4326;MORAVCE-TIHABOJ-MIRNA;400;2;378;0;7;8;5;0;0;12108;397;3;2;0;375;3;0;0;7;0;8;0;5;0;0;0;19;15
291;P;;418;1199;MOKRONOG-ZBURE;600;4;491;13;36;16;19;21;0;10475;596;4;4;0;488;3;13;0;35;1;16;0;19;0;21;0;4;39
291;O;2000;418;1200;ZBURE-SKOCJAN;800;5;655;17;48;21;26;28;0;3940;795;5;5;0;651;4;17;0;47;1;21;0;26;0;28;0;6;52
293;P;;418;1201;SKOCJAN-DOBRUSKA VAS;1500;6;1402;9;39;25;15;4;0;2975;1488;12;6;0;1391;11;9;0;38;1;25;0;15;0;4;0;25;57
294;O;7300;419;1203;SOTESKA-NOVO MESTO;6500;9;6021;124;159;109;43;35;0;14600;6456;44;9;0;5980;41;124;0;159;0;109;0;40;3;35;0;145;22
295;O;5000;419;1204;NOVO MESTO-SENTJERNEJ;4500;6;4042;65;177;132;65;13;0;15755;4468;32;6;0;4011;31;65;0;176;1;132;0;65;0;13;0;12;87
296;O;10000;419;1205;SENTJERNEJ-KRIZAJ;2429;32;2161;46;122;57;10;1;0;11325;2386;43;32;0;2119;42;46;0;121;1;57;0;10;0;1;0;54;78
297;O;9650;419;1206;KRIZAJ-CATEZ OB SAVI;3200;10;2899;52;118;69;40;12;0;13000;3056;144;9;1;2756;143;52;0;118;0;69;0;40;0;12;0;103;26
368;O;2900;420;1335;BREZICE-DOBOVA;3000;5;2753;21;107;62;30;22;0;4500;2237;763;4;1;2021;732;18;3;89;18;55;7;30;0;20;2;36;22
676;O;6500;420;1335;DOBOVA-M.P. RIGONCE;1634;3;1498;12;59;34;16;12;4500;6780;1217;417;2;1;1099;399;10;2;49;10;30;4;16;0;11;1;0;0
280;P;;421;2506;RUCETNA VAS-STREKLJEVEC;1500;9;1332;13;60;50;11;25;0;7135;1478;22;9;0;1310;22;13;0;60;0;50;0;11;0;25;0;8;9
469;O;1500;421;2507;STREKLJEVEC-JUGORJE;220;4;183;1;10;13;9;0;0;5890;216;4;4;0;179;4;1;0;10;0;13;0;9;0;0;0;7;17
365;O;1000;422;1333;PODSREDA-BRESTANICA;1000;3;853;29;61;25;13;16;0;16250;961;39;3;0;817;36;29;0;61;0;25;0;13;0;13;3;21;34
313;P;;423;1226;CRNOLICA-SENTJUR;3300;22;2929;52;147;98;27;25;0;2330;3267;33;22;0;2896;33;52;0;147;0;98;0;27;0;25;0;90;115
271;O;10100;423;1281;CRNOLICA-LESICNO;800;8;699;20;42;28;2;1;0;18370;796;4;8;0;695;4;20;0;42;0;28;0;2;0;1;0;24;49
333;O;8000;423;1282;PILSTAJN-PODSREDA;1000;4;892;24;49;23;8;0;0;10020;968;32;4;0;860;32;24;0;49;0;23;0;8;0;0;0;9;30
335;O;2000;423;1283;PODSREDA-BISTRICA;800;3;712;13;41;18;5;8;0;6720;752;48;3;0;668;44;13;0;40;1;18;0;5;0;5;3;9;23
411;O;1000;423;1243;BISTRICA OB SOTLI-M.P.BISTRICA;1000;6;893;12;43;31;0;15;0;1050;802;198;6;0;718;175;6;6;39;4;31;0;0;0;2;13;8;35
272;O;2400;424;1166;SEVNICA-PODGORJE;1315;0;1196;8;50;46;6;9;0;9000;1309;6;0;0;1191;5;8;0;49;1;46;0;6;0;9;0;3;75
272;P;;424;1166;PODGORJE-PLANINA;350;0;319;2;13;12;2;2;9000;21160;349;1;0;0;318;1;2;0;13;0;12;0;2;0;2;0;1;20
313;P;;424;1170;PLANINA-DEZNO;350;2;310;6;16;10;3;3;0;1115;347;3;2;0;307;3;6;0;16;0;10;0;3;0;3;0;10;12
313;O;3000;424;1225;DEZNO-CRNOLICA;1300;9;1153;20;58;39;11;10;0;11960;1287;13;9;0;1140;13;20;0;58;0;39;0;11;0;10;0;35;45
323;O;2000;425;1265;POLJANA-CRNA;5600;16;5235;111;57;112;29;40;0;12500;5397;203;6;10;5046;189;109;2;57;0;112;0;29;0;38;2;71;2
324;P;;425;1265;CRNA-SENTVID;200;0;187;2;7;4;0;0;12500;23950;199;1;0;0;186;1;2;0;7;0;4;0;0;0;0;0;1;5
324;O;13800;425;1266;SENTVID-SOSTANJ;814;1;754;10;28;18;2;1;0;16835;810;4;1;0;750;4;10;0;28;0;18;0;2;0;1;0;4;22
167;O;1000;425;1267;SOSTANJ-PESJE;11833;14;10620;288;444;339;55;73;0;1835;11794;39;14;0;10583;37;286;2;444;0;339;0;55;0;73;0;11;43
166;O;1000;425;1419;PESJE-VELENJE;16398;34;14941;299;579;397;55;93;0;3790;16337;61;34;0;14882;59;299;0;578;1;397;0;55;0;92;1;13;68
168;O;1000;426;1269;PESJE-GORENJE;6283;13;5726;45;216;195;26;62;0;6100;6259;24;13;0;5706;20;44;1;216;0;195;0;26;0;59;3;5;12
176;O;5000;426;7949;GORENJE - RECICA - LETUS;2566;10;2218;28;122;119;32;37;0;5795;2554;12;10;0;2206;12;28;0;122;0;119;0;32;0;37;0;15;48
326;P;;427;1351;LATKOVA VAS-PREBOLD;3000;12;2661;17;125;113;48;24;0;3000;2968;32;12;0;2629;32;17;0;125;0;113;0;48;0;24;0;24;63
439;O;16800;427;1351;PREBOLD-TRBOVLJE;1833;8;1733;23;34;14;14;7;3000;19830;1828;5;8;0;1728;5;23;0;34;0;14;0;14;0;7;0;2;42
238;O;2000;428;1249;RADMIRJE-LJUBNO;3500;44;3121;67;71;56;112;29;0;2500;3227;273;44;0;3114;7;67;0;2;69;0;56;0;112;0;29;109;31
202;O;3000;428;1249;LJUBNO-LUCE;1846;23;1648;35;37;29;59;15;2500;12165;1703;143;23;0;1644;4;35;0;1;36;0;29;0;59;0;15;57;16
211;P;;428;1250;LUCE-SESTRE LOGAR;500;27;458;5;3;5;2;0;0;13895;451;49;22;5;414;44;5;0;3;0;5;0;2;0;0;0;0;0
211;P;;428;1252;S.LOGAR-PAVLICEVO SEDLO;100;5;92;1;1;1;0;0;0;7550;90;10;4;1;83;9;1;0;1;0;1;0;0;0;0;0;0;0
321;O;1600;429;1245;VISNJA VAS-DOBRNA;3401;115;3010;57;119;69;21;10;0;7520;3348;53;111;4;2961;49;57;0;119;0;69;0;21;0;10;0;12;46
320;P;;429;1154;ODCEP V DOBRNO;2500;12;2228;15;115;98;16;16;0;1695;2471;29;12;0;2201;27;15;0;115;0;96;2;16;0;16;0;1;7
320;O;100;429;1422;DOBRNA-CRNOVA;3355;16;2990;20;154;131;22;22;0;3400;3317;38;16;0;2954;36;20;0;154;0;129;2;22;0;22;0;1;9
38;O;9700;430;274;HOCE-SL.BISTRICA;3000;16;2683;50;135;83;18;15;0;13060;2930;70;15;1;2619;64;50;0;134;1;80;3;18;0;14;1;8;24
642;P;;430;1452;SL.BISTRICA-DEVINA;3600;13;3066;18;188;177;62;76;0;1430;3375;225;13;0;2865;201;17;1;179;9;175;2;62;0;64;12;0;0
38;P;;430;275;SL.BISTRICA;9000;48;8045;152;406;249;55;45;0;2500;8789;211;45;3;7854;191;151;1;402;4;241;8;54;1;42;3;24;71
608;P;;430;276; SL.BISTRICA-LOZNICA;2500;9;2097;36;201;134;7;16;0;1690;2469;31;9;0;2069;28;36;0;200;1;133;1;7;0;15;1;4;14
608;O;1950;430;277;LOZNICA-TEPANJE;4602;17;3863;67;370;245;12;28;0;7820;4547;55;17;0;3812;51;67;0;368;2;244;1;12;0;27;1;7;25
608;P;;430;278;TEPANJE-SL.KONJICE;3000;11;2517;44;241;160;8;19;0;3100;2964;36;11;0;2484;33;44;0;240;1;159;1;8;0;18;1;5;16
67;P;;430;279;SL.KONJICE;9000;58;7647;161;530;447;63;94;0;815;8887;113;58;0;7541;106;161;0;529;1;446;1;58;5;94;0;20;77
67;P;;430;280;SL.KONJICE-STRANICE;6000;39;5098;107;354;298;42;62;0;5160;5924;76;39;0;5027;71;107;0;353;1;297;1;39;3;62;0;13;52
67;O;7400;430;281;STRANICE-VISNJA VAS;7790;50;6620;139;459;387;54;81;0;10200;7692;98;50;0;6528;92;139;0;458;1;386;1;50;4;81;0;17;67
68;O;3550;430;282;VISNJA VAS-CELJE(AC);11000;33;9944;199;478;251;32;63;0;6100;10929;71;32;1;9877;67;199;0;477;1;251;0;32;0;61;2;13;75
68;P;;430;282;CELJE(AC)-CELJE;30000;89;27122;542;1304;685;86;172;6100;8165;29804;196;86;3;26938;184;542;0;1301;3;685;0;86;0;166;6;36;205
377;O;15500;431;1350;ZG.DOLIC-STRANICE;1882;1;1693;21;88;46;13;20;0;19135;1854;28;1;0;1668;25;21;0;87;1;46;0;13;0;18;2;21;34
414;O;100;432;1440;MEJA HRVASKA-ROGATEC;1000;2;912;8;32;32;14;0;0;180;975;25;2;0;887;25;8;0;32;0;32;0;14;0;0;0;85;24
336;O;2000;432;1284;ROGATEC-MAJSPERK;600;1;546;4;20;20;9;0;0;15845;585;15;1;0;531;15;4;0;20;0;20;0;9;0;0;0;51;14
318;P;;432;1411;MAJSPERK;3000;16;2586;64;105;156;64;9;0;480;2938;62;16;0;2526;60;64;0;105;0;154;2;64;0;9;0;181;71
441;O;7600;432;1285;MAJSPERK-HAJDINA;4418;18;4119;32;117;65;42;25;0;11760;4355;63;18;0;4057;62;32;0;117;0;65;0;42;0;24;1;18;83
339;O;1000;433;1288;LENART-TRATE;3000;8;2785;24;85;50;31;17;0;15950;2728;272;7;1;2525;260;23;1;77;8;50;0;31;0;15;2;13;68
144;O;2100;433;1289;TRATE-MOST CEZ MURO;1817;18;1770;0;26;3;0;0;0;2120;824;993;8;10;803;967;0;0;13;13;0;3;0;0;0;0;0;0
668;O;5850;434;1352;RADLJE-M.P.RADLJE;668;18;647;0;0;2;0;1;0;5860;220;448;3;15;214;433;0;0;0;0;2;0;0;0;1;0;0;0
706;O;3700;435;1431;MARIBOR-RUSE;9025;20;8258;71;299;186;94;97;0;9163;8900;125;20;0;8141;117;71;0;297;2;186;0;94;0;91;6;10;146
710;O;1797;435;1439;RUSE-SELNICA;6500;29;5864;36;249;137;111;74;0;3297;6408;92;29;0;5779;85;36;0;244;5;137;0;109;2;74;0;19;192
429;O;2000;436;1328;POCEHOVA-ZG.KUNGOTA;5000;26;4628;34;167;69;55;21;0;6870;4752;248;22;4;4391;237;34;0;161;6;69;0;55;0;20;1;23;50
553;O;5500;436;1329;ZG.KUNGOTA-JURIJ;188;2;182;1;3;0;0;0;0;5565;49;139;0;2;46;136;1;0;2;1;0;0;0;0;0;0;0;1
664;O;200;437;267;M.P.SENTILJ-SENTILJ;6029;15;4832;11;235;235;372;329;0;1620;2856;3173;2;13;2098;2734;8;3;179;56;195;40;247;125;127;202;0;0
628;O;6500;437;268;SENTILJ-PESNICA;6266;40;5543;55;254;191;39;144;0;10620;4978;1288;28;12;4401;1142;51;4;216;38;167;24;35;4;80;64;4;27
350;O;3150;438;1306;SENTILJ-TRATE;1199;6;1016;31;41;65;8;32;0;13520;1152;47;5;1;983;33;31;0;40;1;64;1;6;2;23;9;3;45
351;O;14550;438;1307;TRATE-GORNJA RADGONA;3000;12;2757;29;107;61;21;13;0;15745;2792;208;11;1;2554;203;29;0;105;2;61;0;21;0;11;2;11;71
493;O;5500;439;1299;KOBILJE-DOBROVNIK;600;0;569;13;8;5;1;4;0;7730;584;16;0;0;554;15;13;0;8;0;5;0;1;0;3;1;7;12
346;P;;439;1300;DOBROVNIK-RENKOVCI;1500;0;1376;19;56;39;9;1;0;4230;1471;29;0;0;1347;29;19;0;56;0;39;0;9;0;1;0;33;36
346;O;2000;439;1301;RENKOVCI-BELTINCI;1300;0;1192;16;49;34;8;1;0;6521;1275;25;0;0;1167;25;16;0;49;0;34;0;8;0;1;0;29;32
347;O;5900;439;1302;BRATONCI-KRIZEVCI;2700;5;2411;10;113;52;98;11;0;9600;2624;76;5;0;2343;68;10;0;112;1;50;2;98;0;6;5;26;55
347;P;;439;1303;KRIZEVCI-ZIHLAVA;400;1;356;2;17;7;15;2;0;11630;389;11;1;0;346;10;2;0;17;0;7;0;15;0;1;1;4;8
347;P;;439;1304;ZIHLAVA-VIDEM;500;1;447;2;21;9;18;2;0;2950;486;14;1;0;434;13;2;0;21;0;9;0;18;0;1;1;5;10
349;O;12000;439;1305;VIDEM-SENARSKA;1400;3;1282;20;52;21;18;4;0;13940;1365;35;3;0;1248;34;20;0;51;1;21;0;18;0;4;0;9;19
443;O;2000;440;1294;PETANJCI-GEDEROVCI;1200;4;1069;8;76;26;12;5;0;3218;1108;92;4;0;982;87;6;2;74;2;26;0;12;0;4;1;22;91
444;O;2000;440;1295;GEREDOVCI-CANKOVA;2300;12;2042;46;113;35;31;21;0;6080;2114;186;12;0;1864;178;42;4;109;4;35;0;31;0;21;0;17;91
344;O;1300;440;1296;CANKOVA-ROGASOVCI;2500;8;2329;42;80;27;8;6;0;10500;2264;236;4;4;2101;228;42;0;78;2;27;0;8;0;4;2;41;94
666;O;15900;440;1296;ROGASOVCI-M.P.KUZMA;1309;9;1279;1;16;4;0;0;10500;15940;282;1027;0;9;274;1005;0;1;4;12;4;0;0;0;0;0;0;0
345;P;;441;1298;MURSKA SOBOTA;6000;17;5723;78;130;39;4;9;0;1000;4594;1406;17;0;4373;1350;59;19;100;30;39;0;4;0;2;7;22;118
345;O;8000;441;1298;MURSKA SOBOTA-GEDEROVCI;3400;9;3243;45;74;22;2;5;1000;10200;2603;797;9;0;2478;765;34;11;57;17;22;0;2;0;1;4;13;67
142;O;10900;441;1298;GEDEROVCI-M.P. GEDEROVCI;2390;6;2384;0;0;0;0;0;10200;10931;1300;1090;1;5;1299;1085;0;0;0;0;0;0;0;0;0;0;0;0
494;O;7000;442;1318;MARTJANCI-DOBROVNIK;2200;20;2022;25;56;51;21;5;0;13831;1993;207;19;1;1822;200;24;1;51;5;51;0;21;0;5;0;25;41
358;O;6250;442;1319;DOBROVNIK-DOLGA VAS;2500;10;2338;34;49;35;26;8;0;11529;2314;186;10;0;2158;180;33;1;44;5;35;0;26;0;8;0;20;70
675;O;7500;443;1320;LENDAVA-PINCE;608;4;594;0;8;2;0;0;0;7650;131;477;0;4;127;467;0;0;2;6;2;0;0;0;0;0;0;0
22;P;;444;1451;RAZDRTO;500;10;415;11;17;16;19;12;0;1580;451;49;7;3;371;44;10;1;16;1;16;0;19;0;12;0;2;3
209;P;;444;1464;G2-12 - SELO;400;3;357;2;14;9;4;11;0;700;385;15;2;1;344;13;2;0;14;0;9;0;4;0;10;1;4;1
81;O;7050;444;347;SELO-TRI HISE;5000;25;4680;52;144;74;12;13;0;8600;4776;224;19;6;4470;210;52;0;138;6;73;1;12;0;12;1;12;75
209;P;;444;347;TRI HISE-AJSEVICA;8500;51;7591;38;308;196;82;234;8600;10600;8171;329;39;12;7309;282;37;1;302;6;196;0;80;2;208;26;81;16
81;P;;444;347;AJSEVICA - NOVA GORICA;1500;8;1406;15;43;22;3;3;10600;15480;1433;67;6;2;1343;63;15;0;41;2;22;0;3;0;3;0;3;22
81;P;;444;365;NOVA GORICA;15000;76;14044;154;432;221;35;38;0;690;14325;675;57;19;13413;631;154;0;413;19;218;3;35;0;35;3;35;224
654;O;50;444;348;N.GORICA-M.P.ROZNA DOLINA;6288;46;6242;0;0;0;0;0;0;130;2081;4207;12;34;2069;4173;0;0;0;0;0;0;0;0;0;0;0;0
613;O;11850;445;349;SENOZECE-SEZANA;3079;13;2781;28;118;69;37;33;0;14310;2859;220;11;2;2574;207;28;0;117;1;68;1;37;0;24;9;0;0
613;P;;445;350;SEZANA-FERNETICI;4000;17;3614;36;153;89;47;44;0;2500;3714;286;14;3;3345;269;36;0;152;1;88;1;47;0;32;12;0;0
613;P;;445;350;FERNETICI-M.P.FERNETICI;2000;8;1806;18;77;45;24;22;2500;2825;1857;143;7;1;1672;134;18;0;76;1;44;1;24;0;16;6;0;0
206;O;2650;446;1016;SEZANA-DIVACA;4000;17;3630;25;149;112;28;39;0;9770;3792;208;13;4;3450;180;25;0;135;14;111;1;27;1;31;8;3;16
69;P;;447;287;ARJA VAS-ZALEC;9000;33;8063;128;394;258;50;74;0;1550;8926;74;31;2;7998;65;128;0;393;1;258;0;50;0;68;6;0;61
609;O;3700;447;367;ZALEC-SEMPETER;13099;75;12374;94;289;191;35;41;0;5790;12984;115;73;2;12265;109;94;0;288;1;190;1;35;0;39;2;0;0
609;P;;447;288;SEMPETER-LATKOVA VAS;7000;40;6611;50;155;103;19;22;0;591;6938;62;39;1;6553;58;50;0;154;1;102;1;19;0;21;1;0;0
609;P;;447;289;LATKOVA VAS-SENTRUPERT;6000;35;5666;43;133;88;16;19;0;1420;5946;54;34;1;5616;50;43;0;132;1;87;1;16;0;18;1;0;0
64;O;5500;447;290;SENTRUPERT-LOCICA;5600;26;4287;96;383;472;100;236;0;10865;5530;70;24;2;4241;46;95;1;383;0;470;2;96;4;221;15;30;14
93;P;;601;7507;BORJANA-ROBIDISCE;100;0;94;1;3;1;1;0;0;10000;96;4;0;0;90;4;1;0;3;0;1;0;1;0;0;0;3;1
93;O;3500;602;1032;STARO SELO-BREGINJ;800;1;757;8;20;8;5;1;0;16550;772;28;1;0;729;28;8;0;20;0;8;0;5;0;1;0;24;7
616;P;;603;1041;MOST NA SOCI-USNIK;1000;8;877;53;5;25;19;13;0;4150;892;108;3;5;777;100;51;2;4;1;25;0;19;0;13;0;0;0
455;P;;604;5701;ROCINJ-LIG;1000;5;939;14;23;19;0;0;0;9995;995;5;5;0;934;5;14;0;23;0;19;0;0;0;0;0;33;19
455;P;;605;5702;KAMBRESKO-KUSCAR-LIVEK;100;0;95;1;2;2;0;0;0;18500;100;0;0;0;95;0;1;0;2;0;2;0;0;0;0;0;3;2
455;O;3200;606;5703;KANAL-IG-MISCEK-NEBLO;220;1;207;3;5;4;0;0;0;35533;219;1;1;0;206;1;3;0;5;0;4;0;0;0;0;0;7;4
98;O;5500;607;5723;PREVALA-GRGAR-CEPOVAN;443;4;410;4;21;2;1;1;0;14309;425;18;4;0;392;18;4;0;21;0;2;0;1;0;1;0;0;7
225;O;6000;608;1067;SOLKAN-LOKVE;1000;22;931;5;11;15;8;8;0;19400;923;77;11;11;872;59;5;0;11;0;15;0;8;0;1;7;0;28
224;O;2000;608;1065;LOKVE-CEPOVAN;100;28;61;0;3;8;0;0;0;5530;75;25;9;19;55;6;0;0;3;0;8;0;0;0;0;0;0;0
449;O;9000;608;1068;CEPOVAN-DOL.TREBUSA;50;13;36;0;0;1;0;0;0;11040;47;3;10;3;36;0;0;0;0;0;1;0;0;0;0;0;0;1
456;O;5000;609;2117;AJDOVSCINA-LOKAV.-PREDMEJA;800;13;747;2;26;10;1;1;0;11750;778;22;13;0;726;21;2;0;26;0;10;0;1;0;0;1;20;45
224;P;;609;1064;PREDMEJA-LOKVE;300;85;182;0;9;24;0;0;0;11520;224;76;27;58;164;18;0;0;9;0;24;0;0;0;0;0;0;0
224;P;;609;1066;CEPOVAN-MOST NA SOCI;100;28;61;0;3;8;0;0;0;13220;75;25;9;19;55;6;0;0;3;0;8;0;0;0;0;0;0;0
390;O;2000;610;1370;D.TREBUSA-SP.IDRIJA;212;1;209;0;2;0;0;0;0;22720;208;4;1;0;205;4;0;0;2;0;0;0;0;0;0;0;0;48
390;P;;610;1371;PECNIK-ZIRI;500;2;493;0;5;0;0;0;0;10546;491;9;2;0;484;9;0;0;5;0;0;0;0;0;0;0;0;113
208;O;4000;611;1024;DORNBERK-SELO;1300;5;1123;19;90;37;13;13;0;5150;1280;20;5;0;1106;17;18;1;89;1;37;0;13;0;12;1;20;21
213;O;400;612;1042;PLAVE-GONJACE;455;2;422;0;31;0;0;0;0;6190;442;13;2;0;409;13;0;0;31;0;0;0;0;0;0;0;1;31
209;O;2000;613;1437;AJSEVICA-KROMBERK;7300;44;6519;33;264;168;71;201;0;2200;7017;283;34;10;6277;242;32;1;259;5;168;0;69;2;178;23;70;13
209;P;;613;1437;KROMBERK-NOVA GORICA;20000;121;17859;90;724;461;194;551;2200;4200;19224;776;93;28;17196;663;87;3;710;14;461;0;188;6;489;62;191;37
214;O;4000;614;1046;SEMPETER-MIREN;6700;24;6194;40;207;130;62;43;0;5536;6430;270;24;0;5940;254;38;2;203;4;127;3;62;0;36;7;132;32
214;P;;614;1047;MIREN-OPATJE SELO;700;2;649;4;21;13;6;5;0;7925;672;28;2;0;622;27;4;0;21;0;13;0;6;0;4;1;14;3
215;O;5250;614;1048;OPATJE SELO-KOMEN;500;10;454;6;22;5;3;0;0;14885;483;17;10;0;437;17;6;0;22;0;5;0;3;0;0;0;43;57
216;O;7000;614;1049;KOMEN-STANJEL;800;17;677;20;46;22;8;10;0;8815;765;35;17;0;643;34;19;1;46;0;22;0;8;0;10;0;21;46
217;O;10000;614;1050;STANJEL-MANCE;900;16;834;2;29;11;4;4;0;11750;828;72;16;0;762;72;2;0;29;0;11;0;4;0;4;0;21;59
816;P;;615;5736;TRI HISE-PRIKLJUCEK VOGRSKO;4000;9;3189;11;157;137;66;431;0;2850;3549;451;5;4;2950;239;9;2;148;9;131;6;54;12;252;179;0;1
208;P;;615;5736;PRIKL.  VOGRSKO-VOLCJA DRAGA;1500;6;1297;22;103;42;15;15;2850;6257;1477;23;6;0;1277;20;21;1;102;1;42;0;15;0;14;1;23;25
208;P;;615;5740;VOLCJA DRAGA-KRIZ. CIJAN;1000;4;864;15;69;28;10;10;0;4975;984;16;4;0;851;13;14;1;68;1;28;0;10;0;9;1;16;16
422;O;7200;616;1056;GORJANSKO-KLARICI;350;5;313;5;21;6;0;0;0;10185;322;28;5;0;285;28;5;0;21;0;6;0;0;0;0;0;9;35
218;O;1000;617;1054;KOMEN-GORJANSKO;1000;5;919;9;38;13;15;1;0;3170;911;89;4;1;834;85;9;0;35;3;13;0;15;0;1;0;23;5
218;P;;617;1055;GORJANSKO-ZEKENC;300;1;275;3;12;4;5;0;0;2990;274;26;1;0;250;25;3;0;11;1;4;0;5;0;0;0;7;2
457;O;2000;618;6807;BRANIK-KOMEN;800;10;714;4;27;28;7;10;0;7725;776;24;9;1;691;23;4;0;27;0;28;0;7;0;10;0;28;0
458;O;4000;618;6805;KOMEN -KRAJNA VAS;730;1;681;3;36;9;0;0;0;8215;709;21;1;0;660;21;3;0;36;0;9;0;0;0;0;0;5;0
458;P;;618;6804;KRAJNA VAS-DUTOVLJE;800;1;747;3;39;10;0;0;0;2320;777;23;1;0;724;23;3;0;39;0;10;0;0;0;0;0;6;0
419;O;2000;619;1025;DUTOVLJE-REPENTABOR;1700;18;1590;17;40;18;13;4;0;5365;1576;124;17;1;1469;121;17;0;38;2;18;0;13;0;4;0;37;54
458;P;;620;6831;STORJE-STANJEL;300;0;280;1;15;4;0;0;0;11440;291;9;0;0;271;9;1;0;15;0;4;0;0;0;0;0;2;0
497;O;2000;621;1412;KALCE-PODKRAJ;300;1;276;1;7;4;7;4;0;15000;291;9;1;0;267;9;1;0;7;0;4;0;7;0;4;0;4;7
497;P;;621;1412;PODKRAJ-COL;300;1;276;1;7;4;7;4;15000;20130;291;9;1;0;267;9;1;0;7;0;4;0;7;0;4;0;4;7
210;P;;622;6845;DIVACA-GORICE;2000;8;1754;17;80;48;16;77;0;3850;1619;381;5;3;1399;355;15;2;70;10;46;2;14;2;70;7;17;5
210;P;;622;6848;GORICE-KOSANA-KAL;400;2;352;3;16;9;3;15;0;16245;325;75;1;1;281;71;3;0;14;2;9;0;3;0;14;1;3;1
505;O;7500;623;3718;KASTELEC-PODGORJE;100;0;96;2;2;0;0;0;0;11198;86;14;0;0;82;14;2;0;2;0;0;0;0;0;0;0;1;2
501;O;14000;624;3721;AVER-PODPEC-MEJA RH;80;5;71;2;0;2;0;0;0;14595;78;2;5;0;69;2;2;0;0;0;2;0;0;0;0;0;1;4
221;O;3300;625;1061;BERTOKI-CEZARJI;4500;24;4222;22;114;110;6;2;0;4000;4316;184;24;0;4039;183;22;0;114;0;109;1;6;0;2;0;4;106
221;P;;625;1061;CEZARJI-GRACISCE;450;2;423;2;11;11;1;0;4000;14300;432;18;2;0;405;18;2;0;11;0;11;0;1;0;0;0;0;11
732;O;7500;626;3726;GRACISCE-BREZOVICA;50;2;48;0;0;0;0;0;0;8666;45;5;2;0;43;5;0;0;0;0;0;0;0;0;0;0;2;0
226;P;;627;1382;KASTELEC-SOCERB;300;6;277;3;8;6;0;0;0;3960;283;17;6;0;260;17;3;0;8;0;6;0;0;0;0;0;11;17
702;O;2500;628;1427;MLINI-SECOVLJE;2400;12;2235;24;69;55;3;2;0;3050;1603;797;10;2;1456;779;21;3;59;10;53;2;3;0;1;1;37;2
120;P;;629;1381;VALETA-PIRAN;9000;24;8025;47;447;292;89;76;0;4090;8916;84;24;0;7954;71;46;1;444;3;291;1;87;2;70;6;3;36
226;O;2000;630;1069;PREM-OBROV;300;6;277;3;8;6;0;0;0;18696;283;17;6;0;260;17;3;0;8;0;6;0;0;0;0;0;11;17
505;P;;630;1070;OBROV-GOLAC;120;0;114;3;3;0;0;0;0;8650;103;17;0;0;97;17;3;0;3;0;0;0;0;0;0;0;1;3
505;P;;631;3223;STAROD-MEJA RH;50;0;48;1;1;0;0;0;0;3005;43;7;0;0;41;7;1;0;1;0;0;0;0;0;0;0;1;1
396;O;2370;632;1378;IL.BISTRICA-ZABICE;2400;5;2285;19;56;20;9;6;0;9570;2352;48;5;0;2239;46;19;0;55;1;20;0;9;0;5;1;50;10
396;P;;632;1378;ZABICE-NOVOKRACINE;250;1;237;2;6;2;1;1;9570;17660;245;5;1;0;232;5;2;0;6;0;2;0;1;0;1;0;5;1
505;P;;632;3224;JELSANE-NOVOKRACINE;350;0;334;8;8;0;0;0;0;3441;302;48;0;0;286;48;8;0;8;0;0;0;0;0;0;0;4;8
239;O;880;633;1099;BITNJE-JEREKA;1739;8;1609;51;36;27;1;7;0;1934;1683;56;8;0;1556;53;48;3;36;0;27;0;1;0;7;0;18;130
239;P;;633;1098;JEREKA-JEZERO;1800;8;1666;53;37;28;1;7;0;6800;1742;58;8;0;1611;55;50;3;37;0;28;0;1;0;7;0;19;135
241;O;3900;634;1104;JAVORNIK-GORJE;1600;15;1512;17;38;17;0;1;0;8060;1524;76;11;4;1440;72;17;0;38;0;17;0;0;0;1;0;64;8
235;O;2100;634;1094;GORJE-BLED;6300;33;5914;87;151;91;15;9;0;3430;5933;367;27;6;5557;357;86;1;149;2;90;1;15;0;9;0;176;25
250;O;9000;635;1121;LESCE-K.GORICA-LIPNICA;1500;8;1401;25;32;18;4;12;0;11160;1490;10;8;0;1391;10;25;0;32;0;18;0;4;0;12;0;68;7
251;O;1000;635;1122;LIPNICA-KROPA;900;3;830;30;29;7;1;0;0;2000;889;11;3;0;820;10;30;0;28;1;7;0;1;0;0;0;27;4
253;P;;635;1122;KROPA-RUDNO;200;0;180;0;9;0;0;11;2000;15150;192;8;0;0;172;8;0;0;9;0;0;0;0;0;11;0;5;5
236;P;;635;1127;RUDNO-CESNJICA;250;2;230;4;9;3;1;1;0;2270;230;20;2;0;211;19;4;0;8;1;3;0;1;0;1;0;9;2
254;O;2000;636;1126;LIPNICA-PODTABOR;1500;11;1394;26;35;17;5;12;0;9500;1484;16;11;0;1379;15;26;0;34;1;17;0;5;0;12;0;54;3
254;P;;636;1126;PODTABOR-ZVIRCE;500;4;464;9;11;6;2;4;9500;11200;495;5;4;0;459;5;9;0;11;0;6;0;2;0;4;0;18;1
631;P;;637;368;HRUSICA-JESENICE;7200;45;6701;153;149;118;17;17;0;3000;5886;1314;6;39;5442;1259;143;10;145;4;117;1;16;1;17;0;0;0
603;P;;637;368;JESENICE-JAVORNIK;13000;120;11610;335;347;363;60;165;3000;6370;11468;1532;54;66;10172;1438;332;3;338;9;363;0;60;0;149;16;0;0
603;P;;637;206;JAVORNIK-ZIROVNICA;9000;83;8036;232;241;252;42;114;0;5050;7938;1062;37;46;7040;996;230;2;234;7;252;0;42;0;103;11;0;0
603;O;1500;637;1459;ZIROVNICA-VRBA;3990;36;3563;103;107;112;18;51;0;3580;3520;470;16;20;3122;441;102;1;104;3;112;0;18;0;46;5;0;0
256;O;5500;638;1131;ZIROVNICA-BEGUNJE;1600;8;1428;46;87;30;0;1;0;6290;1582;18;8;0;1410;18;46;0;87;0;30;0;0;0;1;0;183;15
257;O;2500;638;1132;BEGUNJE-BISTRICA;700;10;611;5;36;38;0;0;0;10420;674;26;10;0;587;24;5;0;35;1;37;1;0;0;0;0;49;9
260;P;;639;1141;SENTVID-SMARTNO;11000;107;10186;67;318;231;54;37;0;3000;10973;27;107;0;10159;27;67;0;318;0;231;0;54;0;37;0;20;823
260;O;4800;639;1141;SMARTNO-VODICE;3300;32;3057;20;95;69;16;11;3000;10800;3292;8;32;0;3049;8;20;0;95;0;69;0;16;0;11;0;6;247
261;O;2000;639;1142;VODICE-SP.BRNIK;3500;55;3194;14;151;60;8;18;0;5100;3456;44;54;1;3152;42;13;1;151;0;60;0;8;0;18;0;18;81
496;O;3500;639;1143;SP.BRNIK-CERKLJE;1600;18;1502;1;16;28;34;1;0;4500;1586;14;17;1;1489;13;1;0;16;0;28;0;34;0;1;0;43;136
392;O;6750;640;1373;RAKEK-LOGATEC;500;1;427;15;30;21;4;2;0;14140;496;4;1;0;423;4;15;0;30;0;21;0;4;0;2;0;2;22
389;P;;641;1369;LJUBLJANICA-POL.GRADEC;180;0;162;2;6;6;3;1;0;9100;180;0;0;0;162;0;2;0;6;0;6;0;3;0;1;0;2;8
389;O;11800;641;1369;POL.GRADEC-DOBRAVA;1922;2;1736;24;61;60;33;6;9100;19500;1920;2;2;0;1734;2;24;0;61;0;60;0;33;0;6;0;23;83
389;P;;641;1369;DOBRAVA-LJ.VIC;5000;5;4516;62;159;156;86;16;19500;23645;4995;5;5;0;4511;5;62;0;159;0;156;0;86;0;16;0;60;216
265;O;10550;642;1146;VRHNIKA-PODPEC;2070;7;1910;22;87;29;11;4;0;16795;2066;4;7;0;1906;4;22;0;87;0;29;0;11;0;4;0;21;64
266;O;1500;642;1147;PODPEC-IG;1125;18;1031;7;35;17;7;10;0;8960;1124;1;18;0;1030;1;7;0;35;0;17;0;7;0;10;0;13;93
266;P;;642;1150;IG;1500;24;1375;9;47;23;9;13;0;820;1499;1;24;0;1374;1;9;0;47;0;23;0;9;0;13;0;17;124
383;O;6330;642;1360;IG-LJ(PERUZZIJEVA);9373;23;8663;55;363;101;126;42;0;7280;9337;36;22;1;8630;33;53;2;363;0;101;0;126;0;42;0;13;89
700;O;3800;643;1436;PODPEC-RAKITNA;1000;17;897;22;31;21;9;3;0;10900;997;3;17;0;894;3;22;0;31;0;21;0;9;0;3;0;74;4
700;P;;643;1362;RAKITNA-CERKNICA;400;7;359;9;12;8;4;1;0;18300;399;1;7;0;358;1;9;0;12;0;8;0;4;0;1;0;30;2
380;O;3100;644;1356;LJ(SMARTIN.)-SENTJAKOB;14000;21;12697;56;605;393;140;88;0;3810;13886;114;20;1;12596;101;56;0;602;3;392;1;139;1;81;7;14;61
381;O;1700;644;1357;SENTJAKOB-DOMZALE;9000;37;8145;15;433;264;67;39;0;6180;8910;90;33;4;8077;68;15;0;427;6;259;5;66;1;33;6;6;65
382;O;3500;644;1358;DOMZALE-DUPLICA;9000;15;8318;79;279;169;100;40;0;6090;8957;43;15;0;8276;42;79;0;278;1;169;0;100;0;40;0;9;115
165;P;;645;1188;LJ(LITIJSKA)-ZADVOR;1000;6;915;23;39;13;3;1;0;2672;990;10;6;0;905;10;23;0;39;0;13;0;3;0;1;0;25;2
437;O;5800;645;1189;ZADVOR-SMARTNO P.LITIJI;900;5;819;9;34;32;1;0;0;26750;896;4;5;0;815;4;9;0;34;0;32;0;1;0;0;0;0;30
288;O;2150;646;1194;SKOFLJICA - SMARJE-SAP;2500;42;2072;52;201;95;13;25;0;3700;2472;28;42;0;2062;10;40;12;195;6;95;0;13;0;25;0;17;111
288;P;;646;1443;SMARJE-SAP - CIKAVA;2400;41;1987;51;193;91;13;24;0;2800;2372;28;41;0;1977;10;39;12;187;6;91;0;13;0;24;0;16;106
288;P;;646;1444;CIKAVA - GROSUPLJE;2500;42;2072;52;201;95;13;25;0;2000;2472;28;42;0;2062;10;40;12;195;6;95;0;13;0;25;0;17;111
289;P;;646;1195;GROSUPLJE-IVANCNA GOR.;600;4;539;5;29;18;2;3;0;14050;597;3;4;0;538;1;4;1;28;1;18;0;2;0;3;0;7;20
289;O;600;646;1196;IVANCNA GORICA-GRM;3500;22;3146;28;171;105;10;18;0;5350;3483;17;22;0;3140;6;22;6;166;5;105;0;10;0;18;0;41;115
289;P;;646;1197;GRM-PLUSKA;400;2;360;3;20;12;1;2;0;8440;397;3;2;0;359;1;2;1;19;1;12;0;1;0;2;0;5;13
275;P;;647;1172;PEROVO-GROSUPLJE;3900;43;3576;52;136;76;6;11;0;1480;3881;19;43;0;3557;19;52;0;136;0;76;0;6;0;11;0;22;165
275;P;;647;1151;GROSUPLJE;6000;66;5501;80;210;117;9;17;0;250;5971;29;66;0;5472;29;80;0;210;0;117;0;9;0;17;0;34;255
275;O;2000;647;1173;GROSUPLJE-MLACEVO;3900;43;3576;52;136;76;6;11;0;2350;3881;19;43;0;3557;19;52;0;136;0;76;0;6;0;11;0;22;165
276;O;2000;647;1174;MLACEVO-PLESIVICA;1100;12;1021;9;37;15;2;4;0;3230;1096;4;12;0;1017;4;9;0;37;0;15;0;2;0;4;0;7;46
276;P;;647;1174;PLESIVICA-KRKA;400;4;372;3;14;5;1;1;3230;15230;399;1;4;0;371;1;3;0;14;0;5;0;1;0;1;0;2;17
388;O;2000;647;1368;MLACEVO-RASICA;2700;54;2490;21;75;46;8;6;0;19115;2689;11;54;0;2479;11;21;0;75;0;46;0;8;0;6;0;12;55
461;P;;648;2912;VIDEM-PRI CERKVI STRUGE;300;0;205;5;15;5;69;1;0;10392;299;1;0;0;204;1;5;0;15;0;5;0;69;0;1;0;14;24
461;O;4500;648;3601;PRI CERKVI-STRUGE-ZVIRCE;300;0;205;5;15;5;69;1;0;4800;299;1;0;0;204;1;5;0;15;0;5;0;69;0;1;0;14;24
463;O;5000;648;3601;ZVIRCE-SMUKA;250;0;156;5;14;5;70;0;4800;14695;249;1;0;0;155;1;5;0;14;0;5;0;70;0;0;0;0;5
462;O;10500;649;2915;ZAGRADEC-ZVIRCE;150;0;141;0;4;3;1;1;0;11150;150;0;0;0;141;0;0;0;4;0;3;0;1;0;1;0;14;25
269;O;3850;650;1159;ZUZEMBERK-PLUSKA;750;3;654;18;27;5;38;5;0;13840;747;3;3;0;653;1;18;0;26;1;5;0;38;0;4;1;25;31
269;P;;650;1160;PLUSKA-TREBNJE;850;4;741;20;30;6;43;6;0;2000;847;3;4;0;740;1;20;0;29;1;6;0;43;0;5;1;28;35
270;P;;650;1161;TREBNJE;3100;85;2898;12;60;30;8;7;0;1800;3058;42;85;0;2857;41;12;0;59;1;30;0;8;0;7;0;0;0
290;O;10700;651;1198;TREBNJE-NOVO MESTO;3200;4;2953;9;115;87;15;17;0;16530;3188;12;4;0;2942;11;8;1;115;0;87;0;15;0;17;0;25;22
120;P;;651;1442;NOVO M.(KANDIJA-OBCINA);15000;40;13374;78;744;487;150;127;0;310;14861;139;40;0;13256;118;77;1;740;4;485;2;146;4;117;10;4;60
282;P;;652;1457;MORAVCE-CATEZ;300;2;283;0;5;6;4;0;0;6200;298;2;2;0;281;2;0;0;5;0;6;0;4;0;0;0;14;11
282;P;;652;1457;CATEZ-TREBNJE;1700;9;1604;0;29;35;23;0;6200;15470;1688;12;9;0;1592;12;0;0;29;0;35;0;23;0;0;0;81;64
385;O;5500;653;1363;SODRAZICA-HRIB;700;6;623;6;33;29;2;1;0;11150;693;7;6;0;616;7;6;0;33;0;29;0;2;0;1;0;17;1
506;O;18500;653;1364;HRIB-PODPLANINA;60;0;60;0;0;0;0;0;0;18860;35;25;0;0;35;25;0;0;0;0;0;0;0;0;0;0;5;0
468;P;;654;3611;STALCERJI-KOC. REKA;300;0;256;1;17;23;3;0;0;5835;290;10;0;0;247;9;1;0;16;1;23;0;3;0;0;0;0;6
385;P;;655;6643;DOL. VAS - GOTEN. - KOC. REKA;800;6;713;6;38;33;3;1;0;16525;792;8;6;0;705;8;6;0;38;0;33;0;3;0;1;0;19;1
468;P;;656;3651;KOCEVSKA REKA-BOROVEC;200;0;171;1;11;15;2;0;0;5965;193;7;0;0;165;6;1;0;10;1;15;0;2;0;0;0;0;4
468;P;;656;3619;BOROVEC - DRAGARJI;200;0;171;1;11;15;2;0;0;4000;193;7;0;0;165;6;1;0;10;1;15;0;2;0;0;0;0;4
468;P;;656;3650;DRAGARJI-OSILNICA;0;0;0;0;0;0;0;0;0;10310;0;0;0;0;0;0;0;0;0;0;0;0;0;0;0;0;0;0
468;P;;657;3610;PETRINA-GRIVAC-MIRTOVIC;350;0;300;1;19;26;4;0;0;11325;338;12;0;0;289;11;1;0;18;1;26;0;4;0;0;0;0;7
445;O;7800;657;1345;BOSLJIVA LOKA-OSILNICA;350;6;289;7;23;6;19;0;0;9520;344;6;6;0;283;6;7;0;23;0;6;0;19;0;0;0;38;5
468;O;8665;658;2517;DOBLICE-SV.ANA-STARI TRG;400;0;343;1;22;30;4;0;0;9865;387;13;0;0;331;12;1;0;21;1;30;0;4;0;0;0;0;8
452;P;;658;1450;STARI TRG;400;1;315;10;39;23;8;4;0;1130;395;5;1;0;310;5;10;0;39;0;23;0;8;0;4;0;1;4
452;O;2000;658;1433;STARI TRG-BREZOVICA;380;1;300;9;37;22;7;4;0;8464;375;5;1;0;295;5;9;0;37;0;22;0;7;0;4;0;1;4
452;P;;659;3616;STARI TRG-KOT;60;0;48;1;6;3;1;1;0;3710;59;1;0;0;47;1;1;0;6;0;3;0;1;0;1;0;0;1
509;O;780;659;2515;KOT-SODEVCI;50;0;48;0;2;0;0;0;0;780;27;23;0;0;25;23;0;0;2;0;0;0;0;0;0;0;0;2
281;O;8000;660;1179;CRNOMELJ-ADLESICI;1000;4;940;9;23;8;8;8;0;9810;976;24;4;0;916;24;9;0;23;0;8;0;8;0;8;0;3;16
451;O;100;660;1342;ADLESICI-VRHOVCI;1000;1;954;9;14;19;0;3;0;3680;983;17;1;0;937;17;9;0;14;0;19;0;0;0;3;0;5;20
451;P;;660;1342;VRHOVCI-ZUNICI;400;0;382;4;5;8;0;1;3680;8730;393;7;0;0;375;7;4;0;5;0;8;0;0;0;1;0;2;8
508;O;9390;660;1342;ZUNICI-M.P. ZUNICI;100;0;95;0;5;0;0;0;8730;9390;56;44;0;0;51;44;0;0;5;0;0;0;0;0;0;0;11;11
301;O;3400;661;1210;MEJA RH-DRASICI;1300;6;1245;19;9;18;3;0;0;5000;1229;71;6;0;1175;70;18;1;9;0;18;0;3;0;0;0;17;27
301;P;;661;1210;DRASICI-METLIKA;1700;8;1627;25;12;24;4;0;5000;9500;1608;92;8;0;1536;91;24;1;12;0;24;0;4;0;0;0;23;35
525;O;8000;662;5407;METLIKA-MP BOZAKOVO;100;0;92;0;7;1;0;0;0;8130;67;33;0;0;59;33;0;0;7;0;1;0;0;0;0;0;5;10
301;P;;663;5401;BUSINJA VAS-RADOVICA;200;1;192;3;1;3;0;0;0;4594;189;11;1;0;181;11;3;0;1;0;3;0;0;0;0;0;3;4
525;P;;663;5404;RADOVICA-OSTRIZ;100;0;92;0;7;1;0;0;0;3500;67;33;0;0;59;33;0;0;7;0;1;0;0;0;0;0;5;10
294;P;;664;2501;GABER- URSNA SELA-NOVO MESTO;500;1;463;10;12;8;3;3;0;22200;497;3;1;0;460;3;10;0;12;0;8;0;3;0;3;0;11;2
285;P;;665;1191;VEL. REKA-SOPOTA;300;1;281;3;10;4;1;0;0;15100;299;1;1;0;280;1;3;0;10;0;4;0;1;0;0;0;5;16
285;O;24300;665;1191;SOPOTA-RADECE;1200;5;1127;13;38;15;2;0;15100;28050;1195;5;5;0;1122;5;13;0;38;0;15;0;2;0;0;0;19;62
703;O;10600;666;8115;SOPOTA-PODKUM-ZAGORJE;750;1;691;9;18;26;1;4;0;10370;750;0;1;0;691;0;9;0;18;0;26;0;1;0;4;0;24;4
402;O;6300;667;1385;ZBURE-MACKOVEC;3400;13;3036;148;127;66;6;4;0;13820;3344;56;11;2;2982;54;148;0;127;0;66;0;6;0;4;0;5;13
373;P;;668;5846;GABRJE-RATEZ;500;0;476;4;7;11;2;0;0;5581;478;22;0;0;454;22;4;0;7;0;11;0;2;0;0;0;11;15
293;O;6000;669;1202;DOBRUSKA V.-SENTJERNEJ;2800;11;2618;16;72;46;29;8;0;6150;2777;23;11;0;2597;21;16;0;70;2;46;0;29;0;8;0;46;106
435;O;50;670;1244;BIZELJSKO - ORESJE;600;3;572;3;17;4;1;0;0;5260;263;337;3;0;239;333;3;0;13;4;4;0;1;0;0;0;26;10
191;O;2000;671;2237;KRIZAJ-PODBOCJE-SUTNA;589;4;519;11;10;12;32;1;0;3975;587;2;4;0;517;2;11;0;10;0;12;0;32;0;1;0;31;67
525;P;;671;3921;SUTNA-PLANINA/PODBOCJU;50;0;46;0;3;1;0;0;0;10225;33;17;0;0;29;17;0;0;3;0;1;0;0;0;0;0;2;5
369;P;;672;1337;IMPOLJCA-ZAVRATEC;450;2;414;12;13;7;2;0;0;4900;443;7;2;0;407;7;12;0;13;0;7;0;2;0;0;0;9;16
369;O;5850;672;1338;ZAVRATEC-SMEDNIK;600;2;552;17;18;9;2;0;0;9120;591;9;2;0;543;9;17;0;18;0;9;0;2;0;0;0;12;22
183;O;1500;672;3927;SMEDNIK-ZAMESKO-KOSTANJEVICA;718;2;608;13;34;33;16;12;0;9261;709;9;2;0;601;7;13;0;34;0;33;0;16;0;10;2;38;11
371;O;4000;673;1340;DRNOVO-KRIZAJ;2621;10;2373;23;97;66;32;20;0;5245;2589;32;9;1;2344;29;23;0;95;2;66;0;32;0;20;0;68;109
401;O;8000;674;1384;ZAVRATEC-SKOCJAN;900;0;812;12;42;17;11;6;0;10760;888;12;0;0;800;12;12;0;42;0;17;0;11;0;6;0;21;35
184;O;8500;675;1207;CATEZ OB SAVI-JESENICE;1583;15;1506;12;46;2;1;1;0;9500;883;700;11;4;817;689;12;0;39;7;2;0;1;0;1;0;33;39
677;O;10490;675;1207;JESENICE-MP SLOVENSKA VAS;3347;5;3070;24;120;70;33;25;9500;10970;2495;852;4;1;2253;817;21;3;99;21;62;8;33;0;23;2;0;0
471;O;1000;676;2204;SP.POHANCA-KAPELE;1800;5;1635;39;62;28;23;8;0;10120;1760;40;5;0;1595;40;39;0;62;0;28;0;23;0;8;0;53;23
471;P;;676;2212;KAPELE;2000;6;1816;44;69;31;25;9;0;1028;1955;45;6;0;1771;45;44;0;69;0;31;0;25;0;9;0;59;25
513;O;2500;676;2216;KAPELE-RAKOVEC;100;1;92;0;7;0;0;0;0;2515;57;43;1;0;53;39;0;0;3;4;0;0;0;0;0;0;15;27
515;O;50;677;2203;M.P. NOVA VAS-PISECE;100;0;94;0;6;0;0;0;0;6555;37;63;0;0;34;60;0;0;3;3;0;0;0;0;0;0;3;11
185;O;11500;677;2202;PISECE-ZG.POHANCA-KRSKO;759;7;729;2;18;2;1;0;0;17355;747;12;6;1;718;11;2;0;18;0;2;0;1;0;0;0;7;24
514;O;750;678;2215;ST.VAS-FIGAROV MOST;200;0;194;0;6;0;0;0;0;755;96;104;0;0;93;101;0;0;3;3;0;0;0;0;0;0;5;21
286;O;1500;679;1192;RADECE-BREG;974;2;926;6;29;10;1;0;0;5700;970;4;2;0;922;4;6;0;29;0;10;0;1;0;0;0;7;60
709;O;200;679;3909;BREG-SEVNICA;1059;1;1012;4;32;9;0;1;0;8100;1054;5;0;1;1008;4;4;0;32;0;9;0;0;0;1;0;16;34
715;O;9500;679;3909;SEVNICA-BLANCA;3300;11;3148;25;70;43;2;1;8100;16800;3283;17;10;1;3133;15;25;0;69;1;43;0;2;0;1;0;24;140
713;O;21500;679;3909;BLANCA-BRESTANICA;1700;0;1596;11;60;26;2;5;16800;22097;1671;29;0;0;1568;28;11;0;59;1;26;0;2;0;5;0;14;63
310;P;;680;1223;SMARJETA-JURKLOSTER;600;2;524;8;21;24;4;17;0;15040;595;5;2;0;520;4;8;0;21;0;24;0;4;0;16;1;2;5
313;P;;680;1224;JURKLOSTER-DEZNO;450;3;400;7;20;13;4;3;0;6600;446;4;3;0;396;4;7;0;20;0;13;0;4;0;3;0;12;16
313;P;;681;4005;LASKO;9000;60;7988;141;402;268;74;67;0;124;8911;89;60;0;7899;89;141;0;402;0;268;0;74;0;67;0;246;313
313;P;;681;4006;LASKO-BREZE-SENTJUR;300;2;267;5;13;9;2;2;0;20155;297;3;2;0;264;3;5;0;13;0;9;0;2;0;2;0;8;10
287;P;;681;7233;PODGORA - NOVA VAS;500;14;448;9;27;2;0;0;0;1271;481;19;0;14;443;5;9;0;27;0;2;0;0;0;0;0;23;61
312;O;8000;682;1441;LOKE-LEDINSCICA;350;2;333;0;10;5;0;0;0;10080;348;2;2;0;331;2;0;0;10;0;5;0;0;0;0;0;16;12
274;O;2000;683;1169;PILSTAJN-GOLOBINJEK;750;11;703;8;14;14;0;0;0;10225;744;6;11;0;697;6;8;0;14;0;14;0;0;0;0;0;28;28
415;O;300;683;1414;IMENO-M.P.IMENO;400;4;388;0;8;0;0;0;0;1015;245;155;4;0;238;150;0;0;3;5;0;0;0;0;0;0;23;20
274;P;;684;7460;PRELASKO-BUCE-KOZJE;350;5;329;4;6;6;0;0;0;7384;347;3;5;0;326;3;4;0;6;0;6;0;0;0;0;0;13;13
136;P;;685;7495;TEKACEVO-ROGASKA SLATINA;6000;9;5349;79;238;175;35;115;0;4114;5499;501;8;1;4898;451;75;4;226;12;168;7;33;2;91;24;43;11
517;O;1733;685;7450;ROG.SLATINA-M.P.RAJNKOVEC;300;1;287;8;4;0;0;0;0;1733;117;183;1;0;106;181;8;0;2;2;0;0;0;0;0;0;15;5
317;P;;686;1278;TEPANJE-ZICE;1400;0;1264;19;46;41;28;2;0;3750;1373;27;0;0;1237;27;19;0;46;0;41;0;28;0;2;0;0;0
317;P;;686;1279;ZICE-KARTUZIJA;300;0;271;4;10;9;6;0;0;6900;294;6;0;0;265;6;4;0;10;0;9;0;6;0;0;0;0;0
317;P;;686;1279;KARTUZIJA-DOLE;50;0;45;1;2;1;1;0;6900;17100;49;1;0;0;44;1;1;0;2;0;1;0;1;0;0;0;0;0
317;P;;686;1280;DOLE-SENTJUR;1400;0;1264;19;46;41;28;2;0;3445;1373;27;0;0;1237;27;19;0;46;0;41;0;28;0;2;0;0;0
317;P;;687;7207;DOLE-PONIKVA-LOCE;350;0;316;5;12;10;7;0;0;14270;343;7;0;0;309;7;5;0;12;0;10;0;7;0;0;0;0;0
317;P;;688;1231;SLOV.KONJICE-ZICE;1450;0;1309;19;48;43;29;2;0;4840;1422;28;0;0;1281;28;19;0;48;0;43;0;29;0;2;0;0;0
317;P;;688;1418;ZICE;3000;0;2708;40;99;89;60;4;0;670;2943;57;0;0;2651;57;40;0;99;0;89;0;60;0;4;0;0;0
317;O;900;688;1232;ZICE-POLJCANE;3600;0;3249;48;119;107;72;5;0;9500;3532;68;0;0;3181;68;48;0;119;0;107;0;72;0;5;0;0;0
318;O;9000;688;1233;POLJCANE-MAJSPERK;1800;9;1554;38;63;93;38;5;0;16270;1763;37;9;0;1518;36;38;0;63;0;92;1;38;0;5;0;109;42
481;P;;689;6252;PODLEHNIK-KOZMINCI;500;1;418;20;31;21;4;5;0;3341;454;46;1;0;378;40;20;0;26;5;20;1;4;0;5;0;27;15
481;O;8000;689;6260;KOZMINCI-ROGATEC;450;1;378;18;27;19;3;4;0;15398;409;41;1;0;342;36;18;0;23;4;18;1;3;0;4;0;25;14
318;P;;690;1234;MAJSPERK-JUROVCI;550;3;474;12;19;28;12;2;0;12605;539;11;3;0;463;11;12;0;19;0;28;0;12;0;2;0;33;13
521;P;;690;1235;TRZEC-VIDEM;900;10;717;23;136;14;0;0;0;4500;308;592;5;5;231;486;18;5;45;91;9;5;0;0;0;0;0;9
521;O;15500;690;1235;VIDEM-ZG. LESKOVEC;200;2;160;5;30;3;0;0;4500;15775;69;131;1;1;52;108;4;1;10;20;2;1;0;0;0;0;0;2
520;P;;691;6251;ZAVRC-DRENOVEC;100;0;95;0;4;1;0;0;0;7280;56;44;0;0;54;41;0;0;2;2;0;1;0;0;0;0;0;5
520;O;3617;692;6223;BORL-M.P.MEJE;280;0;269;0;9;2;0;0;0;7436;159;121;0;0;155;114;0;0;4;5;0;2;0;0;0;0;1;15
377;P;;693;2302;STRMEC-SOCKA-VITANJE;300;0;271;3;14;7;2;3;0;10320;296;4;0;0;267;4;3;0;14;0;7;0;2;0;3;0;3;5
326;O;11100;694;1268;VELENJE-POLZELA;1993;8;1768;11;83;75;32;16;0;12000;1972;21;8;0;1747;21;11;0;83;0;75;0;32;0;16;0;16;42
326;P;;694;1268;POLZELA-DOBRTESA VAS;3800;15;3371;21;158;143;61;31;12000;15510;3760;40;15;0;3331;40;21;0;158;0;143;0;61;0;31;0;31;80
326;P;;695;8208;POLZELA;2000;8;1775;11;83;75;32;16;0;724;1979;21;8;0;1754;21;11;0;83;0;75;0;32;0;16;0;16;42
326;P;;695;7951;POLZELA-RECICA;500;2;443;3;21;19;8;4;0;5410;495;5;2;0;438;5;3;0;21;0;19;0;8;0;4;0;4;11
326;P;;695;1458;GORENJE-SOTESKA;1500;6;1332;8;62;56;24;12;0;2710;1484;16;6;0;1316;16;8;0;62;0;56;0;24;0;12;0;12;32
322;P;;696;7912;VELENJE-SKALE;500;4;481;3;4;7;1;0;0;6538;490;10;4;0;471;10;3;0;4;0;7;0;1;0;0;0;6;0
322;P;;696;7919;PLESIVEC-GRAS G.-SMIKLAVZ;400;3;385;2;4;5;1;0;0;10710;392;8;3;0;377;8;2;0;4;0;5;0;1;0;0;0;4;0
322;P;;696;6904;SL.GRADEC-MISL.DOBRAVA;500;4;481;3;4;7;1;0;0;10440;490;10;4;0;471;10;3;0;4;0;7;0;1;0;0;0;6;0
237;P;;697;5514;NAZARJE-GORNJI GRAD;600;19;510;11;25;19;8;8;0;14082;591;9;17;2;503;7;11;0;25;0;19;0;8;0;8;0;0;0
552;O;50;698;6505;MEZICA-REHT;300;1;297;0;2;0;0;0;0;2725;202;98;0;1;200;97;0;0;2;0;0;0;0;0;0;0;1;1
672;P;;699;1263;DRAVOGRAD-CRNECE;400;7;378;0;0;15;0;0;0;2500;278;122;0;7;263;115;0;0;0;0;15;0;0;0;0;0;0;4
672;O;8700;699;1263;CRNECE-M.P. LIBELICE;100;2;94;0;0;4;0;0;2500;8800;69;31;0;2;65;29;0;0;0;0;4;0;0;0;0;0;0;1
330;O;6700;700;1272;SL.KONJICE-OPLOTNICA;3000;0;2821;39;22;59;38;21;0;6750;2985;15;0;0;2806;15;39;0;22;0;59;0;38;0;21;0;0;6
331;O;100;700;1273;OPLOTNICA-LOZNICA;2200;6;1948;25;40;134;29;18;0;9450;2171;29;6;0;1919;29;25;0;40;0;134;0;29;0;18;0;226;60
328;O;3000;701;1270;RUTA-LOVRENC;2023;4;1854;27;69;35;10;24;0;13400;2004;19;4;0;1838;16;27;0;69;0;34;1;10;0;22;2;7;20
327;P;;701;1270;LOVRENC-PESEK;210;0;205;0;3;2;0;0;13400;18400;196;14;0;0;191;14;0;0;3;0;2;0;0;0;0;0;0;0
327;O;2800;701;1430;PESEK-ZRECE;210;0;205;0;3;2;0;0;0;3500;196;14;0;0;191;14;0;0;3;0;2;0;0;0;0;0;0;0
704;O;17150;701;1430;ZRECE-ZECE;1456;4;1316;22;65;34;13;2;3500;21400;1412;44;4;0;1272;44;22;0;65;0;34;0;13;0;2;0;9;27
483;O;6500;702;2703;DRAVOGRAD-TRBONJE;70;0;65;0;0;3;2;0;0;8070;70;0;0;0;65;0;0;0;0;0;3;0;2;0;0;0;3;10
484;O;500;702;2704;TRBONJE-DRAVCE;1200;2;1029;5;9;133;19;3;0;11370;1192;8;2;0;1021;8;5;0;9;0;133;0;19;0;3;0;37;22
485;O;9780;702;2704;DRAVCE-VUHRED;1200;2;1032;5;8;132;18;3;11370;13300;1194;6;2;0;1026;6;5;0;8;0;132;0;18;0;3;0;31;13
482;P;;703;6307;MUTA;1600;0;1576;0;0;8;8;8;0;830;1600;0;0;0;1576;0;0;0;0;0;8;0;8;0;8;0;166;317
482;P;;703;6304;MUTA-GORTINA;1200;0;1182;0;0;6;6;6;0;1610;1200;0;0;0;1182;0;0;0;0;0;6;0;6;0;6;0;125;238
482;O;1000;703;6303;GORTINA-BISTRISKI JAREK;430;0;424;0;0;2;2;2;0;6050;430;0;0;0;424;0;0;0;0;0;2;0;2;0;2;0;45;85
378;O;3000;704;1353;RADLJE-RIBNICA;600;0;538;24;6;8;18;6;0;12300;600;0;0;0;538;0;24;0;6;0;8;0;18;0;6;0;22;3
379;O;8000;704;1355;RIBNICA-BREZNO;2300;8;2111;19;95;38;6;23;0;10440;2127;173;4;4;1955;156;17;2;89;6;38;0;6;0;18;5;0;135
705;O;8000;705;1432;RUSE-PUSCAVA;1372;3;1283;14;39;16;8;9;0;10100;1361;11;2;1;1273;10;14;0;39;0;16;0;8;0;9;0;7;18
486;O;1000;706;6301;OZBALT-ZG.KAPLA;140;0;130;0;3;7;0;0;0;14230;137;3;0;0;127;3;0;0;3;0;7;0;0;0;0;0;3;21
486;P;;706;8802;HAJDICEV MLIN-GRADISCE;100;0;93;0;2;5;0;0;0;2400;98;2;0;0;91;2;0;0;2;0;5;0;0;0;0;0;2;15
486;P;;707;8801;SP.SELNICA-DUH NA OSTREM VRHU;100;0;93;0;2;5;0;0;0;13000;98;2;0;0;91;2;0;0;2;0;5;0;0;0;0;0;2;15
429;P;;708;1330;ZG.KUNGOTA-PLAC;100;0;94;1;3;1;1;0;0;5480;95;5;0;0;89;5;1;0;3;0;1;0;1;0;0;0;0;1
488;O;3617;709;8614;MB(PODBREZJE)-PERNICA;676;1;630;6;31;2;6;0;0;8355;666;10;1;0;620;10;6;0;31;0;2;0;6;0;0;0;9;56
342;O;6060;710;1292;MARIBOR-DVORJANE;10334;23;9589;72;390;142;98;20;0;11965;10155;179;23;0;9410;179;72;0;390;0;142;0;98;0;20;0;21;113
438;O;21860;710;1292;DVORJANE-PTUJ;3649;18;3468;17;117;21;4;4;11965;25075;3583;66;17;1;3403;65;17;0;117;0;21;0;4;0;4;0;9;169
38;P;;711;9006;FRAM-RACE;1200;6;1073;20;55;33;7;6;0;2312;1173;27;6;0;1048;25;20;0;54;1;32;1;7;0;6;0;3;9
38;P;;711;9014;RACE;1500;7;1343;25;68;41;9;7;0;550;1466;34;7;0;1311;32;25;0;67;1;40;1;9;0;7;0;4;12
488;P;;711;9013;RACE-HAJDINA;300;0;279;3;14;1;3;0;0;13153;296;4;0;0;275;4;3;0;14;0;1;0;3;0;0;0;4;25
363;P;;712;1331;ZIHLAVA-GABERNIK;500;3;448;4;23;14;4;4;0;13000;480;20;3;0;428;20;4;0;23;0;14;0;4;0;4;0;4;15
363;O;16500;712;1331;GABERNIK-ROGOZNICA(PTUJ);2453;14;2194;20;113;72;20;20;13000;21035;2352;101;13;1;2096;98;20;0;112;1;71;1;20;0;20;0;20;75
733;O;14146;713;4910;LJUTOMER-SAVCI-PTUJ;750;0;697;19;19;15;0;0;0;31230;729;21;0;0;676;21;19;0;19;0;15;0;0;0;0;0;103;21
343;O;4300;714;1293;VIDEM-RADENCI;1000;8;918;23;43;7;1;0;0;10353;969;31;8;0;888;30;23;0;43;0;6;1;1;0;0;0;27;61
490;O;8450;715;5645;M.SOBOTA-LEMERJE;2100;4;1905;30;82;70;8;1;0;8500;2054;46;4;0;1860;45;30;0;81;1;70;0;8;0;1;0;155;74
491;O;8550;715;5645;LEMERJE-SKAKOVCI;800;0;721;7;36;31;5;0;8500;14385;784;16;0;0;705;16;7;0;36;0;31;0;5;0;0;0;80;34
489;O;1500;716;5637;LEMERJE-GRAD;500;3;456;8;15;16;2;0;0;11210;489;11;3;0;445;11;8;0;15;0;16;0;2;0;0;0;37;12
489;P;;716;5640;GRAD;600;3;548;10;18;19;2;0;0;1450;587;13;3;0;535;13;10;0;18;0;19;0;2;0;0;0;44;15
489;P;;716;5630;GRAD-KUZMA;500;3;456;8;15;16;2;0;0;4585;489;11;3;0;445;11;8;0;15;0;16;0;2;0;0;0;37;12
666;P;;717;1297;CANKOVA;600;4;586;0;8;2;0;0;0;822;129;471;0;4;125;461;0;0;2;6;2;0;0;0;0;0;0;0
489;P;;717;5614;CANKOVA-GERLINCI;50;0;45;1;2;2;0;0;0;5200;49;1;0;0;44;1;1;0;2;0;2;0;0;0;0;0;4;1
524;P;;717;5615;KOROVCI;50;0;50;0;0;0;0;0;0;420;21;29;0;0;21;29;0;0;0;0;0;0;0;0;0;0;2;0
524;P;;717;5616;GERLINCI;50;0;50;0;0;0;0;0;0;355;21;29;0;0;21;29;0;0;0;0;0;0;0;0;0;0;2;0
489;P;;718;5620;PERFOCA-FIKSINCI;50;0;45;1;2;2;0;0;0;4688;49;1;0;0;44;1;1;0;2;0;2;0;0;0;0;0;4;1
489;P;;718;5619;FIKSINCI;50;0;45;1;2;2;0;0;0;984;49;1;0;0;44;1;1;0;2;0;2;0;0;0;0;0;4;1
489;P;;719;5621;ROGASOVCI-KRAMAROVCI;50;0;45;1;2;2;0;0;0;2953;49;1;0;0;44;1;1;0;2;0;2;0;0;0;0;0;4;1
524;P;;719;5622;KRAMAROVCI;50;0;50;0;0;0;0;0;0;630;21;29;0;0;21;29;0;0;0;0;0;0;0;0;0;0;2;0
524;P;;720;5624;SOTINA;50;0;50;0;0;0;0;0;0;2266;21;29;0;0;21;29;0;0;0;0;0;0;0;0;0;0;2;0
356;O;15700;721;1317;PETROVCI-KUZMA;260;5;224;3;17;8;3;0;0;19950;221;39;3;2;190;34;3;0;14;3;8;0;3;0;0;0;23;3
524;O;50;722;1446;M.P.MARTINJE-MARTINJE;130;0;130;0;0;0;0;0;0;310;55;75;0;0;55;75;0;0;0;0;0;0;0;0;0;0;4;0
358;P;;723;5691;SALOVCI-CEPINCI;50;0;46;1;1;1;1;0;0;6638;46;4;0;0;42;4;1;0;1;0;1;0;1;0;0;0;0;1
524;P;;723;5657;CEPINCI-MEJA MADZARSKA;50;0;50;0;0;0;0;0;0;2524;21;29;0;0;21;29;0;0;0;0;0;0;0;0;0;0;2;0
358;P;;724;5693;HODOS-DOMANJSEVCI;100;0;95;1;2;1;1;0;0;5055;93;7;0;0;88;7;1;0;2;0;1;0;1;0;0;0;1;3
358;P;;724;5694;DOMANJSEVCI;100;0;95;1;2;1;1;0;0;1060;93;7;0;0;88;7;1;0;2;0;1;0;1;0;0;0;1;3
358;P;;724;5661;DOMANJSEVCI-BERKOVCI;100;0;95;1;2;1;1;0;0;3770;93;7;0;0;88;7;1;0;2;0;1;0;1;0;0;0;1;3
358;P;;724;4210;BERKOVCI-KOBILJE;300;1;281;4;6;4;3;1;0;12943;277;23;1;0;259;22;4;0;5;1;4;0;3;0;1;0;2;8
492;O;1000;725;5672;MARTJANCI-SEBEBORCI;100;0;96;0;4;0;0;0;0;3167;100;0;0;0;96;0;0;0;4;0;0;0;0;0;0;0;4;19
492;P;;725;5677;SEBEBORCI-TRAKSAROV BREG;50;0;48;0;2;0;0;0;0;3973;50;0;0;0;48;0;0;0;2;0;0;0;0;0;0;0;2;10
492;P;;725;5678;TRAKSAROV BREG- FOKOVCI;50;0;48;0;2;0;0;0;0;440;50;0;0;0;48;0;0;0;2;0;0;0;0;0;0;0;2;10
492;P;;725;5668;FOKOVCI-PROSENJAKOVCI;50;0;48;0;2;0;0;0;0;7595;50;0;0;0;48;0;0;0;2;0;0;0;0;0;0;0;2;10
359;O;3050;726;1321;RENKOVCI-CRENSOVCI;2150;5;2000;31;45;33;20;16;0;8240;2105;45;5;0;1956;44;31;0;44;1;33;0;20;0;16;0;29;139
360;O;2000;726;1322;CRENSOVCI-RAZKRIZJE;2650;32;2355;19;105;89;12;38;0;6210;2471;179;32;0;2183;172;19;0;100;5;87;2;12;0;38;0;39;96
431;P;;726;1324;STROCJA VAS-PAVLOVCI;350;0;333;4;12;1;0;0;0;13200;244;106;0;0;229;104;4;0;10;2;1;0;0;0;0;0;18;28
431;P;;727;1326;RAZKRIZJE-MEJA R HRVASKA;500;0;477;5;16;2;0;0;0;475;350;150;0;0;329;148;5;0;14;2;2;0;0;0;0;0;25;40
161;O;3000;728;1148;SKOFLJICA-IG;784;2;701;0;35;32;12;2;0;5249;784;0;2;0;701;0;0;0;35;0;32;0;12;0;2;0;22;64
158;O;16500;728;4815;IG-RAKITNA;55;2;49;0;4;0;0;0;0;19440;55;0;2;0;49;0;0;0;4;0;0;0;0;0;0;0;7;15
359;P;;729;4206;HOTIZA-VELIKA POLANA;100;0;93;1;2;2;1;1;0;3317;98;2;0;0;91;2;1;0;2;0;2;0;1;0;1;0;1;6
359;P;;729;4207;VELIKA POLANA-LIPA-BELTINCI;150;0;141;2;3;2;1;1;0;8920;147;3;0;0;138;3;2;0;3;0;2;0;1;0;1;0;2;10
359;P;;730;4104;ZICE-SV.ANA-ZG.SCAVNICA;150;0;141;2;3;2;1;1;0;5835;147;3;0;0;138;3;2;0;3;0;2;0;1;0;1;0;2;10
359;P;;730;4105;ZG.SCAVNICA-DRAZEN VRH;150;0;141;2;3;2;1;1;0;2235;147;3;0;0;138;3;2;0;3;0;2;0;1;0;1;0;2;10
326;P;;731;8209;POLZELA-PARIZLJE-BRASLOVCE-M.B;300;1;267;2;12;11;5;2;0;3919;297;3;1;0;264;3;2;0;12;0;11;0;5;0;2;0;2;6
326;P;;732;8215;PONDOR-TABOR;300;1;267;2;12;11;5;2;0;2388;297;3;1;0;264;3;2;0;12;0;11;0;5;0;2;0;2;6
326;P;;732;8259;TABOR-OJSTRISKA VAS-KAPLA;300;1;267;2;12;11;5;2;0;1645;297;3;1;0;264;3;2;0;12;0;11;0;5;0;2;0;2;6
294;P;;733;5831;VAVTA VAS-DOL.TOPLICE-PODTURN;1500;2;1389;29;37;25;10;8;0;6290;1489;11;2;0;1379;10;29;0;37;0;25;0;9;1;8;0;33;5
338;P;;734;4123;CERKVENJAK-VITOMERCI;150;2;130;1;6;5;2;4;0;5733;139;11;2;0;120;10;1;0;6;0;5;0;2;0;3;1;1;3
338;P;;734;4121;VITOMERCI-GABRNIK;150;2;130;1;6;5;2;4;0;6397;139;11;2;0;120;10;1;0;6;0;5;0;2;0;3;1;1;3
484;P;;735;6314;MUTA-VUZENICA;300;1;257;1;2;33;5;1;0;445;298;2;1;0;255;2;1;0;2;0;33;0;5;0;1;0;9;5
211;P;;901;1001;RATECE-PLANICA;50;2;48;0;0;0;0;0;0;2000;46;4;2;0;44;4;0;0;0;0;0;0;0;0;0;0;0;0
211;P;;902;1019;STRMEC-MANGART;50;2;48;0;0;0;0;0;0;11980;46;4;2;0;44;4;0;0;0;0;0;0;0;0;0;0;0;0
211;P;;903;1021;IDRSKO-LIVEK;100;5;92;1;1;1;0;0;0;6960;90;10;4;1;83;9;1;0;1;0;1;0;0;0;0;0;0;0
240;O;2500;904;1093;JEZERO-ZLATOROG;2000;18;1915;51;8;8;0;0;0;4200;1547;453;12;6;1470;445;49;2;8;0;8;0;0;0;0;0;134;0
240;P;;904;1093;ZLATOROG-SAVICA;500;5;478;13;2;2;0;0;4200;8200;386;114;3;2;367;111;12;1;2;0;2;0;0;0;0;0;33;0
235;P;;905;1095;GORJE-KRNICA;2000;10;1878;27;48;29;5;3;0;2160;1884;116;8;2;1765;113;27;0;47;1;29;0;5;0;3;0;56;8
236;O;100;905;1096;KRNICA-ZATRNIK;500;5;461;7;18;7;1;1;0;4000;459;41;4;1;423;38;7;0;16;2;7;0;1;0;1;0;17;3
236;P;;905;1096;ZATRNIK-MRZLI STUDENEC;400;4;369;6;14;5;1;1;4000;9120;367;33;3;1;338;31;6;0;13;1;5;0;1;0;1;0;14;3
239;P;;905;1097;MRZLI STUDENEC-JEREKA;170;1;156;5;4;3;0;1;0;16340;165;5;1;0;151;5;5;0;4;0;3;0;0;0;1;0;2;13
239;P;;906;1100;MRZLI STUD.-RUDNO POLJE;60;0;56;2;1;1;0;0;0;6100;58;2;0;0;54;2;2;0;1;0;1;0;0;0;0;0;1;4
239;P;;907;1101;KRNICA-ZG.RADOVNA;160;1;149;4;3;2;0;1;0;11880;155;5;1;0;144;5;4;0;3;0;2;0;0;0;1;0;2;12
239;P;;907;1102;ZG.RADOVNA-DOVJE;220;1;204;6;5;3;0;1;0;6400;213;7;1;0;197;7;6;0;5;0;3;0;0;0;1;0;2;16
631;P;;908;1383;KRAJE-MOJSTRANA;1000;6;932;21;21;16;2;2;0;2000;818;182;1;5;757;175;20;1;20;1;16;0;2;0;2;0;0;0
211;P;;908;1383;MOJSTRANA-VRATA;60;4;54;1;0;1;0;0;2000;11600;54;6;3;1;49;5;1;0;0;0;1;0;0;0;0;0;0;0
253;O;2260;909;1125;BOH.BISTRICA-VRESJE;176;0;158;0;8;0;0;10;0;8260;169;7;0;0;151;7;0;0;8;0;0;0;0;0;10;0;4;4
236;P;;909;1128;VRESJE-SORICA;218;0;209;4;5;0;0;0;0;9530;215;3;0;0;206;3;4;0;5;0;0;0;0;0;0;0;7;1
236;P;;909;1129;SORICA-PETROVO BRDO;60;0;56;1;2;1;0;0;0;4200;55;5;0;0;51;5;1;0;2;0;1;0;0;0;0;0;2;0
236;P;;910;1130;SORICA-PODROST;400;4;369;6;14;5;1;1;0;5250;367;33;3;1;338;31;6;0;13;1;5;0;1;0;1;0;14;3
253;P;;911;1123;RUDNO-ROVTARICA;50;0;45;0;2;0;0;3;0;11510;48;2;0;0;43;2;0;0;2;0;0;0;0;0;3;0;1;1
253;P;;911;1124;ROVTARICA-VRESJE;50;0;45;0;2;0;0;3;0;7880;48;2;0;0;43;2;0;0;2;0;0;0;0;0;3;0;1;1
211;P;;912;7302;ZALI LOG-DAVCA;664;35;609;6;5;6;3;0;0;7856;599;65;29;6;550;59;6;0;5;0;6;0;3;0;0;0;0;0
211;P;;912;7350;DAVCA-NOVAKI;903;0;864;14;25;0;0;0;0;2987;902;1;0;0;863;1;14;0;25;0;0;0;0;0;0;0;0;0
211;P;;912;3105;NOVAKI-CERKNO;1000;52;918;9;7;9;5;0;0;10088;902;98;43;9;829;89;9;0;7;0;9;0;5;0;0;0;0;0
701;O;2650;913;6105;POSTOJNA-MOTEL ERAZEM;1300;12;1206;22;23;17;4;16;0;6130;1232;68;12;0;1147;59;15;7;21;2;17;0;4;0;16;0;4;23
701;P;;913;6101;ERAZEM-VRHI;300;3;277;6;5;4;1;4;0;865;284;16;3;0;263;14;4;2;5;0;4;0;1;0;4;0;1;5
701;P;;913;6110;VRHI-BUKOVJE;200;2;185;3;3;3;1;3;0;1940;190;10;2;0;176;9;2;1;3;0;3;0;1;0;3;0;1;4
701;P;;913;6109;BUKOVJE-PREDJAMA;150;1;140;3;2;2;0;2;0;1525;142;8;1;0;133;7;2;1;2;0;2;0;0;0;2;0;0;3
392;P;;914;1372;POSTOJNA-UNEC;550;1;469;17;33;23;5;2;0;4200;545;5;1;0;464;5;17;0;33;0;23;0;5;0;2;0;2;24
701;P;;914;2402;RAKOV SKOCJAN-PODSKRAJNIK;100;1;93;2;2;1;0;1;0;7085;94;6;1;0;88;5;1;1;2;0;1;0;0;0;1;0;0;2
226;P;;915;1376;IL.BISTRICA-GRDA DRAGA;150;3;138;2;4;3;0;0;0;21000;142;8;3;0;130;8;2;0;4;0;3;0;0;0;0;0;6;8
498;O;2000;915;2427;GRDA DRAGA- PUDOB;50;6;38;0;0;0;0;6;0;28100;39;11;0;6;35;3;0;0;0;0;0;0;0;0;4;2;2;18
468;P;;916;3653;DRAGARJI-MEDVEDJEK-DRAGA;50;0;42;0;3;4;1;0;0;17200;48;2;0;0;40;2;0;0;3;0;4;0;1;0;0;0;0;1
466;P;;917;3602;KOCEVJE-ZELJNE;800;4;711;16;27;20;11;11;0;2923;785;15;4;0;696;15;16;0;27;0;20;0;11;0;11;0;16;18
467;O;25000;917;3621;ZELJNE-ROG-BAZA-PODTURN;30;0;25;0;1;0;1;3;0;29400;29;1;0;0;24;1;0;0;1;0;0;0;1;0;3;0;2;1
468;P;;918;3652;KOT-GRGELJ;30;0;26;0;2;2;0;0;0;12314;29;1;0;0;25;1;0;0;2;0;2;0;0;0;0;0;0;1
468;P;;918;3617;GRGELJ-FARA;30;0;26;0;2;2;0;0;0;11375;29;1;0;0;25;1;0;0;2;0;2;0;0;0;0;0;0;1
372;O;2000;919;1341;PODZEMELJ-ADLESICI;600;0;559;4;17;19;1;0;0;9450;593;7;0;0;552;7;4;0;17;0;19;0;1;0;0;0;7;9
373;O;8470;919;1466;ZUNICI-VINICA;700;0;667;5;10;15;3;0;0;10340;670;30;0;0;637;30;5;0;10;0;15;0;3;0;0;0;15;20
374;O;2000;919;1343;VINICA-STARI TRG;185;1;163;11;9;1;0;0;0;20220;181;4;0;1;160;3;11;0;9;0;1;0;0;0;0;0;30;8
467;P;;920;5899;VAHTA-GABRJE;50;0;41;1;2;1;1;4;0;22568;48;2;0;0;39;2;1;0;2;0;1;0;1;0;4;0;4;2
467;P;;921;4306;KANDRSE-VACE-SP.HOTIC;500;0;411;8;19;8;11;43;0;7711;478;22;0;0;389;22;8;0;19;0;8;0;11;0;43;0;35;24
496;P;;922;1455;CERKLJE-KRVAVEC;200;2;189;0;2;3;4;0;0;2698;198;2;2;0;187;2;0;0;2;0;3;0;4;0;0;0;5;17
234;P;;923;1087;STAHOVICA-KAM.BISTRICA;200;3;181;3;5;5;1;2;0;8210;199;1;3;0;180;1;3;0;5;0;5;0;1;0;2;0;13;2
477;P;;924;3559;PODLOM-KR.RAK;100;0;93;2;2;1;1;1;0;4540;99;1;0;0;92;1;2;0;2;0;1;0;1;0;1;0;1;16
477;P;;924;3559;KR.RAK-LUCE;30;0;29;0;1;0;0;0;4540;17032;30;0;0;0;29;0;0;0;1;0;0;0;0;0;0;0;0;5
211;P;;925;1251;SESTRE LOGAR-RINKA;200;11;183;2;1;2;1;0;0;7300;180;20;9;2;165;18;2;0;1;0;2;0;1;0;0;0;0;0
477;P;;926;5501;SOLCAVA-PODOLSEVA-SLEME;50;0;46;1;1;1;0;1;0;10425;49;1;0;0;45;1;1;0;1;0;1;0;0;0;1;0;0;8
477;P;;926;6519;SLEME-KOPRIVNA;50;0;46;1;1;1;0;1;0;5917;49;1;0;0;45;1;1;0;1;0;1;0;0;0;1;0;0;8
477;O;1000;926;6506;KOPRIVNA-CRNA;750;0;700;11;16;8;6;9;0;7980;741;9;0;0;691;9;11;0;16;0;8;0;6;0;9;0;5;119
477;P;;927;5502;ZIBOVT-SV.DUH-PODOLSEVA;50;0;46;1;1;1;0;1;0;10345;49;1;0;0;45;1;1;0;1;0;1;0;0;0;1;0;0;8
211;P;;928;1253;MOZIRJE-GOLTE;500;27;458;5;3;5;2;0;0;4350;451;49;22;5;414;44;5;0;3;0;5;0;2;0;0;0;0;0
495;O;8500;929;1332;HOCE-POHORSKA VZPENJACA;1000;8;919;20;30;13;10;0;0;16575;962;38;7;1;882;37;20;0;30;0;13;0;10;0;0;0;6;21
211;P;;929;1409;ODCEP ZA AREH;500;27;458;5;3;5;2;0;0;5210;451;49;22;5;414;44;5;0;3;0;5;0;2;0;0;0;0;0
477;P;;929;7070;AREH-LUKANJA;19;0;19;0;0;0;0;0;0;15320;19;0;0;0;19;0;0;0;0;0;0;0;0;0;0;0;0;2
477;P;;930;7065;PESEK-OPLOTNICA;80;0;77;2;0;0;0;1;0;18820;80;0;0;0;77;0;2;0;0;0;0;0;0;0;1;0;1;13
378;P;;931;1354;RIBNICA-RIBNISKA KOCA;50;0;44;2;1;1;1;1;0;9710;50;0;0;0;44;0;2;0;1;0;1;0;1;0;1;0;2;0
327;P;;932;6924;SL.GRADEC-PUNGART;1206;0;1167;20;14;2;3;0;0;15005;1197;9;0;0;1158;9;20;0;14;0;2;0;3;0;0;0;0;0
454;O;200;933;1193;BREG- LISCA;500;5;459;2;22;12;0;0;0;4650;492;8;5;0;451;8;2;0;22;0;12;0;0;0;0;0;20;37
287;O;12300;933;1193;LISCA-JURKLOSTER;250;7;223;5;14;1;0;0;4650;12370;241;9;0;7;221;2;5;0;14;0;1;0;0;0;0;0;11;30
418;P;;934;6838;SEZANA-LIPICA;500;4;493;0;3;0;0;0;0;3494;67;433;1;3;65;428;0;0;1;2;0;0;0;0;0;0;0;0
418;P;;934;6840;LIPICA-LOKEV;300;2;296;0;2;0;0;0;0;4139;40;260;0;2;39;257;0;0;1;1;0;0;0;0;0;0;0;0
495;P;;935;9042;FRAM-CESTNIK-AREH;50;0;45;1;2;1;1;0;0;13900;48;2;0;0;43;2;1;0;2;0;1;0;1;0;0;0;0;1